%eval_id interface x1             x2             obj_fn_variance 
1        APPROX_INTERFACE_1 -1.2           1              8.881395877e-33 
2        APPROX_INTERFACE_1 -1.2           1              8.881395877e-33 
3        APPROX_INTERFACE_1 -1.2000012     1              6.315773996e-14 
4        APPROX_INTERFACE_1 -1.1999988     1              6.315274071e-14 
5        APPROX_INTERFACE_1 -1.2           1.000001       1.901288455e-16 
6        APPROX_INTERFACE_1 -1.2           0.999999       1.901390384e-16 
7        APPROX_INTERFACE_1 -1.14623096    0.9651209313   1.869400833e-05 
8        APPROX_INTERFACE_1 -1.15496419    0.9707860301   1.460769201e-05 
9        APPROX_INTERFACE_1 -1.160030295   0.9740723274   9.400607477e-06 
10       APPROX_INTERFACE_1 -1.160031455   0.9740723274   9.399291686e-06 
11       APPROX_INTERFACE_1 -1.160029135   0.9740723274   9.401923285e-06 
12       APPROX_INTERFACE_1 -1.160030295   0.9740733014   9.400674903e-06 
13       APPROX_INTERFACE_1 -1.160030295   0.9740713533   9.400540049e-06 
14       APPROX_INTERFACE_1 -1.166488105   0.9085875186   4.362244787e-06 
15       APPROX_INTERFACE_1 -1.177196504   0.8            0.0001100019772 
16       APPROX_INTERFACE_1 -1.183654314   0.8            0.0001186770889 
17       APPROX_INTERFACE_1 -1.178640422   0.8            0.0001122535977 
18       APPROX_INTERFACE_1 -1.177503092   0.8            0.0001104906326 
19       APPROX_INTERFACE_1 -1.177197682   0.8            0.0001100038632 
20       APPROX_INTERFACE_1 -1.177195327   0.8            0.0001100000912 
21       APPROX_INTERFACE_1 -1.177196504   0.8000008      0.0001100003387 
22       APPROX_INTERFACE_1 -1.177196504   0.7999992      0.0001100036158 
23       APPROX_INTERFACE_1 -1.129043193   0.8            3.402350559e-05 
24       APPROX_INTERFACE_1 -1.164248136   0.8            8.879085534e-05 
25       APPROX_INTERFACE_1 -1.168312018   0.8            9.51479577e-05 
26       APPROX_INTERFACE_1 -1.168313187   0.8            9.514984646e-05 
27       APPROX_INTERFACE_1 -1.16831085    0.8            9.514606898e-05 
28       APPROX_INTERFACE_1 -1.168312018   0.8000008      9.514644633e-05 
29       APPROX_INTERFACE_1 -1.168312018   0.7999992      9.514946909e-05 
30       APPROX_INTERFACE_1 -1.196649207   0.8            0.0001226133976 
31       APPROX_INTERFACE_1 -1.16859539    0.8            9.560720431e-05 
32       APPROX_INTERFACE_1 -1.168441861   0.8            9.535810573e-05 
33       APPROX_INTERFACE_1 -1.16844303    0.8            9.5359999e-05  
34       APPROX_INTERFACE_1 -1.168440693   0.8            9.53562125e-05 
35       APPROX_INTERFACE_1 -1.168441861   0.8000008      9.535659215e-05 
36       APPROX_INTERFACE_1 -1.168441861   0.7999992      9.535961933e-05 
37       APPROX_INTERFACE_1 -1.16844303    0.8            9.5359999e-05  
38       APPROX_INTERFACE_1 -1.168440693   0.8            9.53562125e-05 
39       APPROX_INTERFACE_1 -1.168441861   0.8000008      9.535659215e-05 
40       APPROX_INTERFACE_1 -1.168441861   0.7999992      9.535961933e-05 
41       APPROX_INTERFACE_1 -1.168441861   0.8            2.090177621e-34 
42       APPROX_INTERFACE_1 -1.168441861   0.8            2.090177621e-34 
43       APPROX_INTERFACE_1 -1.16844303    0.8            6.313802936e-15 
44       APPROX_INTERFACE_1 -1.168440693   0.8            6.312890734e-15 
45       APPROX_INTERFACE_1 -1.168441861   0.8000008      1.441111275e-16 
46       APPROX_INTERFACE_1 -1.168441861   0.7999992      1.44147838e-16 
47       APPROX_INTERFACE_1 -1.077217419   0.8033180806   4.218043159e-06 
48       APPROX_INTERFACE_1 -1.128965281   0.8014358704   2.816456532e-07 
49       APPROX_INTERFACE_1 -1.153644681   0.8005382136   2.693831825e-07 
50       APPROX_INTERFACE_1 -1.153645835   0.8005382136   2.693760812e-07 
51       APPROX_INTERFACE_1 -1.153643528   0.8005382136   2.6939028e-07  
52       APPROX_INTERFACE_1 -1.153644681   0.8005390141   2.693771529e-07 
53       APPROX_INTERFACE_1 -1.153644681   0.8005374131   2.693892125e-07 
54       APPROX_INTERFACE_1 -1.088563857   0.807711787    4.854570137e-06 
55       APPROX_INTERFACE_1 -1.143035469   0.8017076205   2.427548318e-07 
56       APPROX_INTERFACE_1 -1.150290846   0.8009078921   2.728198732e-07 
57       APPROX_INTERFACE_1 -1.150291996   0.8009078921   2.728214943e-07 
58       APPROX_INTERFACE_1 -1.150289696   0.8009078921   2.728182501e-07 
59       APPROX_INTERFACE_1 -1.150290846   0.800908693    2.728119947e-07 
60       APPROX_INTERFACE_1 -1.150290846   0.8009070912   2.72827752e-07 
61       APPROX_INTERFACE_1 -1.133479079   0.8246663732   9.794196923e-08 
62       APPROX_INTERFACE_1 -1.149438612   0.8021122732   2.590314641e-07 
63       APPROX_INTERFACE_1 -1.149469001   0.8020693284   2.59546513e-07 
64       APPROX_INTERFACE_1 -1.14947015    0.8020693284   2.595502343e-07 
65       APPROX_INTERFACE_1 -1.149467851   0.8020693284   2.595427903e-07 
66       APPROX_INTERFACE_1 -1.149469001   0.8020701304   2.595387462e-07 
67       APPROX_INTERFACE_1 -1.149469001   0.8020685263   2.595542801e-07 
68       APPROX_INTERFACE_1 -1.153313309   0.8047811988   2.436272238e-07 
69       APPROX_INTERFACE_1 -1.150353305   0.8026931383   2.564337463e-07 
70       APPROX_INTERFACE_1 -1.15034331    0.802686088    2.564687857e-07 
71       APPROX_INTERFACE_1 -1.150344461   0.802686088    2.564717985e-07 
72       APPROX_INTERFACE_1 -1.15034216    0.802686088    2.56465771e-07 
73       APPROX_INTERFACE_1 -1.15034331    0.8026868907   2.564618161e-07 
74       APPROX_INTERFACE_1 -1.15034331    0.8026852853   2.564757557e-07 
75       APPROX_INTERFACE_1 -1.150292011   0.8056025895   2.334179434e-07 
76       APPROX_INTERFACE_1 -1.150086812   0.8172685955   1.821289859e-07 
77       APPROX_INTERFACE_1 -1.150055303   0.8190599487   1.789917875e-07 
78       APPROX_INTERFACE_1 -1.150056453   0.8190599487   1.790076029e-07 
79       APPROX_INTERFACE_1 -1.150054153   0.8190599487   1.789759709e-07 
80       APPROX_INTERFACE_1 -1.150055303   0.8190607677   1.789907914e-07 
81       APPROX_INTERFACE_1 -1.150055303   0.8190591296   1.789927839e-07 
82       APPROX_INTERFACE_1 -1.166244256   0.8194476024   7.959189641e-08 
83       APPROX_INTERFACE_1 -1.150217192   0.8190638252   1.812003714e-07 
84       APPROX_INTERFACE_1 -1.150057876   0.8190600103   1.790270923e-07 
85       APPROX_INTERFACE_1 -1.150059026   0.8190600103   1.790429047e-07 
86       APPROX_INTERFACE_1 -1.150056726   0.8190600103   1.790112785e-07 
87       APPROX_INTERFACE_1 -1.150057876   0.8190608293   1.790260974e-07 
88       APPROX_INTERFACE_1 -1.150057876   0.8190591912   1.790280873e-07 
89       APPROX_INTERFACE_1 -1.150193697   0.8248257466   1.795776804e-07 
90       APPROX_INTERFACE_1 -1.150059234   0.8191176676   1.789763399e-07 
91       APPROX_INTERFACE_1 -1.150057917   0.8190617513   1.790255418e-07 
92       APPROX_INTERFACE_1 -1.150059067   0.8190617513   1.790413554e-07 
93       APPROX_INTERFACE_1 -1.150056767   0.8190617513   1.790097268e-07 
94       APPROX_INTERFACE_1 -1.150057917   0.8190625704   1.790245474e-07 
95       APPROX_INTERFACE_1 -1.150057917   0.8190609323   1.790265363e-07 
96       APPROX_INTERFACE_1 -1.146008804   0.819157073    1.215254988e-07 
97       APPROX_INTERFACE_1 -1.150017426   0.8190627046   1.784667645e-07 
98       APPROX_INTERFACE_1 -1.150057877   0.8190617523   1.790249892e-07 
99       APPROX_INTERFACE_1 -1.168441861   0.8            5.358549039e-30 
100      APPROX_INTERFACE_1 -1.168441861   0.8            5.358549039e-30 
101      APPROX_INTERFACE_1 -1.16844303    0.8            5.348978058e-17 
102      APPROX_INTERFACE_1 -1.168440693   0.8            5.349846997e-17 
103      APPROX_INTERFACE_1 -1.168441861   0.8000008      5.900841284e-15 
104      APPROX_INTERFACE_1 -1.168441861   0.7999992      5.899633791e-15 
105      APPROX_INTERFACE_1 -1.168070476   0.88           2.019720779e-06 
106      APPROX_INTERFACE_1 -1.168276325   0.8356582287   8.191355035e-07 
107      APPROX_INTERFACE_1 -1.168384052   0.8124526768   1.722477264e-06 
108      APPROX_INTERFACE_1 -1.168385221   0.8124526768   1.722472213e-06 
109      APPROX_INTERFACE_1 -1.168382884   0.8124526768   1.722482315e-06 
110      APPROX_INTERFACE_1 -1.168384052   0.8124534892   1.722579211e-06 
111      APPROX_INTERFACE_1 -1.168384052   0.8124518643   1.722375289e-06 
112      APPROX_INTERFACE_1 -1.163069344   0.7656037046   1.723988825e-07 
113      APPROX_INTERFACE_1 -1.167872438   0.8079428196   8.849482984e-07 
114      APPROX_INTERFACE_1 -1.168334012   0.8120115777   1.663379744e-06 
115      APPROX_INTERFACE_1 -1.168335181   0.8120115777   1.663374782e-06 
116      APPROX_INTERFACE_1 -1.168332844   0.8120115777   1.663384708e-06 
117      APPROX_INTERFACE_1 -1.168334012   0.8120123897   1.663495977e-06 
118      APPROX_INTERFACE_1 -1.168334012   0.8120107657   1.663263486e-06 
119      APPROX_INTERFACE_1 -1.151242609   0.7883792597   9.730040823e-08 
120      APPROX_INTERFACE_1 -1.168163098   0.8117752545   1.629225512e-06 
121      APPROX_INTERFACE_1 -1.168261491   0.8119113027   1.649141806e-06 
122      APPROX_INTERFACE_1 -1.16826266    0.8119113027   1.649136844e-06 
123      APPROX_INTERFACE_1 -1.168260323   0.8119113027   1.649146767e-06 
124      APPROX_INTERFACE_1 -1.168261491   0.8119121146   1.649261103e-06 
125      APPROX_INTERFACE_1 -1.168261491   0.8119104908   1.649022483e-06 
126      APPROX_INTERFACE_1 -1.154120998   0.8220594744   9.581328574e-07 
127      APPROX_INTERFACE_1 -1.168068303   0.8120499474   1.669985177e-06 
128      APPROX_INTERFACE_1 -1.168110959   0.8120193351   1.665443924e-06 
129      APPROX_INTERFACE_1 -1.168112127   0.8120193351   1.665438887e-06 
130      APPROX_INTERFACE_1 -1.168109791   0.8120193351   1.66544896e-06 
131      APPROX_INTERFACE_1 -1.168110959   0.8120201471   1.665559955e-06 
132      APPROX_INTERFACE_1 -1.168110959   0.812018523    1.665327867e-06 
133      APPROX_INTERFACE_1 -1.159498181   0.8118758062   1.693055884e-06 
134      APPROX_INTERFACE_1 -1.163873918   0.8119487263   1.676119109e-06 
135      APPROX_INTERFACE_1 -1.163873842   0.811948725    1.676119349e-06 
136      APPROX_INTERFACE_1 -1.163875006   0.811948725    1.676112847e-06 
137      APPROX_INTERFACE_1 -1.163872678   0.811948725    1.676125851e-06 
138      APPROX_INTERFACE_1 -1.163873842   0.811949537    1.676238338e-06 
139      APPROX_INTERFACE_1 -1.163873842   0.8119479131   1.676000335e-06 
140      APPROX_INTERFACE_1 -1.163938209   0.8074774117   8.030992166e-07 
141      APPROX_INTERFACE_1 -1.163874486   0.8119040119   1.669524972e-06 
142      APPROX_INTERFACE_1 -1.163873844   0.8119486068   1.676102008e-06 
143      APPROX_INTERFACE_1 -1.163875008   0.8119486068   1.676095507e-06 
144      APPROX_INTERFACE_1 -1.16387268    0.8119486068   1.676108511e-06 
145      APPROX_INTERFACE_1 -1.163873844   0.8119494187   1.676221001e-06 
146      APPROX_INTERFACE_1 -1.163873844   0.8119477948   1.675982991e-06 
147      APPROX_INTERFACE_1 -1.167078592   0.8119615917   1.661718191e-06 
148      APPROX_INTERFACE_1 -1.163905891   0.8119487366   1.675942172e-06 
149      APPROX_INTERFACE_1 -1.163874007   0.8119486074   1.676101194e-06 
150      APPROX_INTERFACE_1 -1.163875171   0.8119486074   1.676094692e-06 
151      APPROX_INTERFACE_1 -1.163872843   0.8119486074   1.676107696e-06 
152      APPROX_INTERFACE_1 -1.163874007   0.8119494194   1.676220187e-06 
153      APPROX_INTERFACE_1 -1.163874007   0.8119477955   1.675982177e-06 
154      APPROX_INTERFACE_1 -1.163879298   0.8108306928   1.490934311e-06 
155      APPROX_INTERFACE_1 -1.16387406    0.8119374283   1.674460052e-06 
156      APPROX_INTERFACE_1 -1.163874007   0.8119486068   1.676101099e-06 
157      APPROX_INTERFACE_1 -1.163874007   0.8119486068   1.163632319e-33 
158      APPROX_INTERFACE_1 -1.163874007   0.8119486068   1.163632319e-33 
159      APPROX_INTERFACE_1 -1.163875171   0.8119486068   5.963862955e-17 
160      APPROX_INTERFACE_1 -1.163872843   0.8119486068   5.965125707e-17 
161      APPROX_INTERFACE_1 -1.163874007   0.8119494187   2.435211959e-14 
162      APPROX_INTERFACE_1 -1.163874007   0.8119477948   2.43535987e-14 
163      APPROX_INTERFACE_1 -1.172926154   0.8619486068   9.498380435e-07 
164      APPROX_INTERFACE_1 -1.168369836   0.8367815503   9.693661546e-09 
165      APPROX_INTERFACE_1 -1.165494451   0.8208992158   6.958375994e-07 
166      APPROX_INTERFACE_1 -1.165495617   0.8208992158   6.95846466e-07 
167      APPROX_INTERFACE_1 -1.165493286   0.8208992158   6.958287315e-07 
168      APPROX_INTERFACE_1 -1.165494451   0.8209000367   6.958563765e-07 
169      APPROX_INTERFACE_1 -1.165494451   0.8208983949   6.958187906e-07 
170      APPROX_INTERFACE_1 -1.165495617   0.8208992158   6.95846466e-07 
171      APPROX_INTERFACE_1 -1.165493286   0.8208992158   6.958287315e-07 
172      APPROX_INTERFACE_1 -1.165494451   0.8209000367   6.958563765e-07 
173      APPROX_INTERFACE_1 -1.165494451   0.8208983949   6.958187906e-07 
174      APPROX_INTERFACE_1 -1.166955148   0.8181593025   5.459144421e-07 
175      APPROX_INTERFACE_1 -1.16679645    0.8184569819   5.667911195e-07 
176      APPROX_INTERFACE_1 -1.166746147   0.8185513383   5.733071512e-07 
177      APPROX_INTERFACE_1 -1.166747314   0.8185513383   5.73315565e-07 
178      APPROX_INTERFACE_1 -1.16674498    0.8185513383   5.732987362e-07 
179      APPROX_INTERFACE_1 -1.166746147   0.8185521569   5.7336661e-07  
180      APPROX_INTERFACE_1 -1.166746147   0.8185505198   5.732476889e-07 
181      APPROX_INTERFACE_1 -1.170641308   0.8208427015   7.221597347e-07 
182      APPROX_INTERFACE_1 -1.167691097   0.8191072134   6.191674395e-07 
183      APPROX_INTERFACE_1 -1.167651468   0.8190839012   6.173082431e-07 
184      APPROX_INTERFACE_1 -1.167652635   0.8190839012   6.173157122e-07 
185      APPROX_INTERFACE_1 -1.1676503     0.8190839012   6.173007727e-07 
186      APPROX_INTERFACE_1 -1.167651468   0.8190847203   6.173647741e-07 
187      APPROX_INTERFACE_1 -1.167651468   0.8190830821   6.172517059e-07 
188      APPROX_INTERFACE_1 -1.173348265   0.8188532763   6.222809821e-07 
189      APPROX_INTERFACE_1 -1.176877043   0.8187104199   6.096390271e-07 
190      APPROX_INTERFACE_1 -1.176874158   0.8187105367   6.096542098e-07 
191      APPROX_INTERFACE_1 -1.176875335   0.8187105367   6.096513573e-07 
192      APPROX_INTERFACE_1 -1.176872981   0.8187105367   6.096570609e-07 
193      APPROX_INTERFACE_1 -1.176874158   0.8187113554   6.097115939e-07 
194      APPROX_INTERFACE_1 -1.176874158   0.818709718    6.09596821e-07 
195      APPROX_INTERFACE_1 -1.176985216   0.8122129173   6.439003765e-09 
196      APPROX_INTERFACE_1 -1.176875268   0.8186455605   6.050827357e-07 
197      APPROX_INTERFACE_1 -1.176874393   0.818696769    6.086879597e-07 
198      APPROX_INTERFACE_1 -1.17687557    0.818696769    6.086851138e-07 
199      APPROX_INTERFACE_1 -1.176873216   0.818696769    6.086908043e-07 
200      APPROX_INTERFACE_1 -1.176874393   0.8186975877   6.087454204e-07 
201      APPROX_INTERFACE_1 -1.176874393   0.8186959503   6.086304944e-07 
202      APPROX_INTERFACE_1 -1.172194421   0.8182866345   5.794791433e-07 
203      APPROX_INTERFACE_1 -1.176827593   0.8186926677   6.085120449e-07 
204      APPROX_INTERFACE_1 -1.17685682    0.818695229    6.086221853e-07 
205      APPROX_INTERFACE_1 -1.176857997   0.818695229    6.086193601e-07 
206      APPROX_INTERFACE_1 -1.176855643   0.818695229    6.086250092e-07 
207      APPROX_INTERFACE_1 -1.17685682    0.8186960477   6.086796606e-07 
208      APPROX_INTERFACE_1 -1.17685682    0.8186944103   6.085647054e-07 
209      APPROX_INTERFACE_1 -1.174508083   0.8193505564   6.562840529e-07 
210      APPROX_INTERFACE_1 -1.176833333   0.8187017823   6.091382903e-07 
211      APPROX_INTERFACE_1 -1.176851478   0.8186967197   6.087396464e-07 
212      APPROX_INTERFACE_1 -1.176851478   0.8186967197   9.993960863e-23 
213      APPROX_INTERFACE_1 -1.176851478   0.8186967197   9.993960863e-23 
214      APPROX_INTERFACE_1 -1.176852654   0.8186967197   1.580782654e-19 
215      APPROX_INTERFACE_1 -1.176850301   0.8186967197   4.05501511e-22 
216      APPROX_INTERFACE_1 -1.176851478   0.8186975384   9.004152658e-23 
217      APPROX_INTERFACE_1 -1.176851478   0.818695901    8.968221851e-22 
218      APPROX_INTERFACE_1 -1.17350422    0.8157878376   0              
219      APPROX_INTERFACE_1 -1.175166956   0.817232813    6.364488656e-21 
220      APPROX_INTERFACE_1 -1.168428872   0.8113771862   7.866924678e-20 
221      APPROX_INTERFACE_1 -1.168430041   0.8113771862   7.912388182e-20 
222      APPROX_INTERFACE_1 -1.168427704   0.8113771862   7.869010685e-20 
223      APPROX_INTERFACE_1 -1.168428872   0.8113779976   7.721427726e-20 
224      APPROX_INTERFACE_1 -1.168428872   0.8113763748   7.034566815e-19 
225      APPROX_INTERFACE_1 -1.178114505   0.8153643678   0              
226      APPROX_INTERFACE_1 -1.173348944   0.8134025798   1.469522986e-20 
227      APPROX_INTERFACE_1 -1.193029229   0.8215041543   1.727971333e-18 
228      APPROX_INTERFACE_1 -1.193030422   0.8215041543   4.753698565e-19 
229      APPROX_INTERFACE_1 -1.193028036   0.8215041543   1.414323495e-18 
230      APPROX_INTERFACE_1 -1.193029229   0.8215049758   1.571759165e-18 
231      APPROX_INTERFACE_1 -1.193029229   0.8215033328   1.414027139e-18 
232      APPROX_INTERFACE_1 -1.193412888   0.8219780472   1.736872008e-18 
233      APPROX_INTERFACE_1 -1.19321608    0.8217349513   1.106399994e-18 
234      APPROX_INTERFACE_1 -1.193105667   0.8215985695   9.476683571e-19 
235      APPROX_INTERFACE_1 -1.193030422   0.8215041543   4.753698565e-19 
236      APPROX_INTERFACE_1 -1.193028036   0.8215041543   1.414323495e-18 
237      APPROX_INTERFACE_1 -1.193029229   0.8215049758   1.571759165e-18 
238      APPROX_INTERFACE_1 -1.193029229   0.8215033328   1.414027139e-18 
239      APPROX_INTERFACE_1 -1.19311689    0.8218282733   1.112128254e-18 
240      APPROX_INTERFACE_1 -1.193074222   0.8216705115   9.507777035e-19 
241      APPROX_INTERFACE_1 -1.193254194   0.8223359405   1.756679033e-18 
242      APPROX_INTERFACE_1 -1.193255387   0.8223359405   1.600829106e-18 
243      APPROX_INTERFACE_1 -1.193253001   0.8223359405   1.444161499e-18 
244      APPROX_INTERFACE_1 -1.193254194   0.8223367628   1.287536456e-18 
245      APPROX_INTERFACE_1 -1.193254194   0.8223351181   1.444690354e-18 
246      APPROX_INTERFACE_1 -1.193250129   0.8223539561   9.765329993e-19 
247      APPROX_INTERFACE_1 -1.193251784   0.8223466183   6.631956977e-19 
248      APPROX_INTERFACE_1 -1.193251851   0.8223463249   8.222008484e-19 
249      APPROX_INTERFACE_1 -1.193252978   0.8223466183   1.130705477e-18 
250      APPROX_INTERFACE_1 -1.193250591   0.8223466183   1.75688916e-18 
251      APPROX_INTERFACE_1 -1.193251784   0.8223474406   1.28764633e-18 
252      APPROX_INTERFACE_1 -1.193251784   0.8223457959   6.616916962e-19 
253      APPROX_INTERFACE_1 -1.193128279   0.8222702682   6.638446903e-19 
254      APPROX_INTERFACE_1 -1.193168824   0.8222953327   1.288102825e-18 
255      APPROX_INTERFACE_1 -1.192836981   0.8220901904   1.286779213e-18 
256      APPROX_INTERFACE_1 -1.192838173   0.8220901904   1.601011364e-18 
257      APPROX_INTERFACE_1 -1.192835788   0.8220901904   2.067949041e-18 
258      APPROX_INTERFACE_1 -1.192836981   0.8220910125   5.052487741e-19 
259      APPROX_INTERFACE_1 -1.192836981   0.8220893683   1.443163421e-18 
260      APPROX_INTERFACE_1 -1.192824662   0.8220986776   1.443958494e-18 
261      APPROX_INTERFACE_1 -1.192830571   0.8220946064   1.441580995e-18 
262      APPROX_INTERFACE_1 -1.192833117   0.8220928521   1.442589616e-18 
263      APPROX_INTERFACE_1 -1.192831764   0.8220946064   1.287813378e-18 
264      APPROX_INTERFACE_1 -1.192829378   0.8220946064   1.13101952e-18 
265      APPROX_INTERFACE_1 -1.192830571   0.8220954285   1.443294316e-18 
266      APPROX_INTERFACE_1 -1.192830571   0.8220937843   8.174848785e-19 
267      APPROX_INTERFACE_1 -1.192773938   0.8220847558   9.761652156e-19 
268      APPROX_INTERFACE_1 -1.192793343   0.8220881311   1.447339438e-18 
269      APPROX_INTERFACE_1 -1.192772415   0.822084491    1.287535281e-18 
270      APPROX_INTERFACE_1 -1.19277513    0.8220847558   1.442617003e-18 
271      APPROX_INTERFACE_1 -1.192772745   0.8220847558   8.17559233e-19 
272      APPROX_INTERFACE_1 -1.192773938   0.8220855779   1.756646295e-18 
273      APPROX_INTERFACE_1 -1.192773938   0.8220839337   1.131794198e-18 
274      APPROX_INTERFACE_1 -1.192739914   0.8220936001   5.071885069e-19 
275      APPROX_INTERFACE_1 -1.192755182   0.8220896313   1.134139733e-18 
276      APPROX_INTERFACE_1 -1.192740935   0.8220933346   9.777818013e-19 
277      APPROX_INTERFACE_1 -1.192741107   0.8220936001   8.18801188e-19 
278      APPROX_INTERFACE_1 -1.192738721   0.8220936001   1.446188466e-18 
279      APPROX_INTERFACE_1 -1.192739914   0.8220944222   8.184228953e-19 
280      APPROX_INTERFACE_1 -1.192739914   0.822092778    1.75681266e-18 
281      APPROX_INTERFACE_1 -1.19275413    0.822110621    1.132062646e-18 
282      APPROX_INTERFACE_1 -1.192746728   0.8221017583   1.444571575e-18 
283      APPROX_INTERFACE_1 -1.192742817   0.8220970755   6.643665643e-19 
284      APPROX_INTERFACE_1 -1.192744009   0.8220970755   1.444328967e-18 
285      APPROX_INTERFACE_1 -1.192741624   0.8220970755   1.287895936e-18 
286      APPROX_INTERFACE_1 -1.192742817   0.8220978976   9.755813941e-19 
287      APPROX_INTERFACE_1 -1.192742817   0.8220962534   1.28924146e-18 
288      APPROX_INTERFACE_1 -1.192836399   0.8220716712   1.442989496e-18 
289      APPROX_INTERFACE_1 -1.192775969   0.822088076    1.443545286e-18 
290      APPROX_INTERFACE_1 -1.19275306    0.8220942948   1.443904134e-18 
291      APPROX_INTERFACE_1 -1.192754253   0.8220942948   1.911939987e-18 
292      APPROX_INTERFACE_1 -1.192751867   0.8220942948   8.199215092e-19 
293      APPROX_INTERFACE_1 -1.19275306    0.8220951169   1.131722799e-18 
294      APPROX_INTERFACE_1 -1.19275306    0.8220934727   1.445311895e-18 
295      APPROX_INTERFACE_1 -1.192749844   0.8221193447   1.132140886e-18 
296      APPROX_INTERFACE_1 -1.192751437   0.8221069374   1.132704714e-18 
297      APPROX_INTERFACE_1 -1.192752334   0.8220999488   5.0812983e-19  
298      APPROX_INTERFACE_1 -1.192752629   0.8221069374   1.446493296e-18 
299      APPROX_INTERFACE_1 -1.192750244   0.8221069374   1.756768825e-18 
300      APPROX_INTERFACE_1 -1.192751437   0.8221077595   1.288615989e-18 
301      APPROX_INTERFACE_1 -1.192751437   0.8221061153   8.237199678e-19 
302      APPROX_INTERFACE_1 -1.19274506    0.8220979296   1.289138745e-18 
303      APPROX_INTERFACE_1 -1.192748835   0.822103262    1.445388488e-18 
304      APPROX_INTERFACE_1 -1.192749977   0.822104876    1.604024234e-18 
305      APPROX_INTERFACE_1 -1.192750028   0.822103262    9.755733809e-19 
306      APPROX_INTERFACE_1 -1.192747642   0.822103262    1.131295029e-18 
307      APPROX_INTERFACE_1 -1.192748835   0.8221040841   6.635708112e-19 
308      APPROX_INTERFACE_1 -1.192748835   0.8221024399   9.766347441e-19 
309      APPROX_INTERFACE_1 -1.192740301   0.8220900584   1.60051145e-18 
310      APPROX_INTERFACE_1 -1.192744389   0.8220963833   1.444533799e-18 
311      APPROX_INTERFACE_1 -1.192726606   0.8220688685   2.067229987e-18 
312      APPROX_INTERFACE_1 -1.192741494   0.8220900584   1.443962129e-18 
313      APPROX_INTERFACE_1 -1.192739109   0.8220900584   1.133140449e-18 
314      APPROX_INTERFACE_1 -1.192740301   0.8220908805   1.288703427e-18 
315      APPROX_INTERFACE_1 -1.192740301   0.8220892363   1.289867911e-18 
316      APPROX_INTERFACE_1 -1.192732617   0.8220792495   1.131775141e-18 
317      APPROX_INTERFACE_1 -1.192736997   0.8220854105   1.445773006e-18 
318      APPROX_INTERFACE_1 -1.192739141   0.8220884255   1.132450434e-18 
319      APPROX_INTERFACE_1 -1.192741494   0.8220900584   1.443962129e-18 
320      APPROX_INTERFACE_1 -1.192739109   0.8220900584   1.133140449e-18 
321      APPROX_INTERFACE_1 -1.192740301   0.8220908805   1.288703427e-18 
322      APPROX_INTERFACE_1 -1.192740301   0.8220892363   1.289867911e-18 
323      APPROX_INTERFACE_1 -1.192731715   0.822080021    1.44308904e-18 
324      APPROX_INTERFACE_1 -1.192736596   0.822085727    1.131533725e-18 
325      APPROX_INTERFACE_1 -1.192739108   0.8220886634   2.073572091e-18 
326      APPROX_INTERFACE_1 -1.192741494   0.8220900584   1.443962129e-18 
327      APPROX_INTERFACE_1 -1.192739109   0.8220900584   1.133140449e-18 
328      APPROX_INTERFACE_1 -1.192740301   0.8220908805   1.288703427e-18 
329      APPROX_INTERFACE_1 -1.192740301   0.8220892363   1.289867911e-18 
330      APPROX_INTERFACE_1 -1.192731715   0.822080021    1.44308904e-18 
331      APPROX_INTERFACE_1 -1.192736596   0.822085727    1.131533725e-18 
332      APPROX_INTERFACE_1 -1.192739108   0.8220886634   2.073572091e-18 
333      APPROX_INTERFACE_1 -1.176851478   0.8186967197   7.200127268e-23 
334      APPROX_INTERFACE_1 -1.176851478   0.8186967197   7.200127268e-23 
335      APPROX_INTERFACE_1 -1.176852654   0.8186967197   0              
336      APPROX_INTERFACE_1 -1.176850301   0.8186967197   0              
337      APPROX_INTERFACE_1 -1.176851478   0.8186975384   0              
338      APPROX_INTERFACE_1 -1.176851478   0.818695901    0              
339      APPROX_INTERFACE_1 -1.176111877   0.8061967197   3.106995387e-18 
340      APPROX_INTERFACE_1 -1.17650686    0.8128723383   2.052908656e-23 
341      APPROX_INTERFACE_1 -1.176697399   0.8160926394   0              
342      APPROX_INTERFACE_1 -1.176698576   0.8160926394   0              
343      APPROX_INTERFACE_1 -1.176696223   0.8160926394   3.94852896e-20 
344      APPROX_INTERFACE_1 -1.176697399   0.8160934555   2.254326259e-20 
345      APPROX_INTERFACE_1 -1.176697399   0.8160918233   0              
346      APPROX_INTERFACE_1 -1.180774786   0.8061967197   1.062118166e-17 
347      APPROX_INTERFACE_1 -1.178233355   0.8123648364   8.398798379e-20 
348      APPROX_INTERFACE_1 -1.177335373   0.8145442616   0              
349      APPROX_INTERFACE_1 -1.176698576   0.8160926394   0              
350      APPROX_INTERFACE_1 -1.176696223   0.8160926394   3.94852896e-20 
351      APPROX_INTERFACE_1 -1.176697399   0.8160934555   2.254326259e-20 
352      APPROX_INTERFACE_1 -1.176697399   0.8160918233   0              
353      APPROX_INTERFACE_1 -1.176894395   0.8157132151   0              
354      APPROX_INTERFACE_1 -1.176794877   0.815904892    0              
355      APPROX_INTERFACE_1 -1.176737795   0.8160148341   0              
356      APPROX_INTERFACE_1 -1.176698576   0.8160926394   0              
357      APPROX_INTERFACE_1 -1.176696223   0.8160926394   3.94852896e-20 
358      APPROX_INTERFACE_1 -1.176697399   0.8160934555   2.254326259e-20 
359      APPROX_INTERFACE_1 -1.176697399   0.8160918233   0              
360      APPROX_INTERFACE_1 -1.176938185   0.8157434066   2.955361598e-20 
361      APPROX_INTERFACE_1 -1.176815351   0.8159215636   3.901060792e-20 
362      APPROX_INTERFACE_1 -1.176745674   0.8160226214   0              
363      APPROX_INTERFACE_1 -1.176697399   0.8160926394   1.604459179e-39 
364      APPROX_INTERFACE_1 -1.176697399   0.8160926394   1.604459179e-39 
365      APPROX_INTERFACE_1 -1.176698576   0.8160926394   4.747167288e-18 
366      APPROX_INTERFACE_1 -1.176696223   0.8160926394   4.7452756e-18  
367      APPROX_INTERFACE_1 -1.176697399   0.8160934555   4.896136039e-14 
368      APPROX_INTERFACE_1 -1.176697399   0.8160918233   4.897070921e-14 
369      APPROX_INTERFACE_1 -1.176150495   0.8285926394   3.430951438e-09 
370      APPROX_INTERFACE_1 -1.176432394   0.8221495804   1.432027861e-09 
371      APPROX_INTERFACE_1 -1.176590838   0.8185281975   1.423854877e-09 
372      APPROX_INTERFACE_1 -1.176698576   0.8160926394   4.747167288e-18 
373      APPROX_INTERFACE_1 -1.176696223   0.8160926394   4.7452756e-18  
374      APPROX_INTERFACE_1 -1.176697399   0.8160934555   4.896136039e-14 
375      APPROX_INTERFACE_1 -1.176697399   0.8160918233   4.897070921e-14 
376      APPROX_INTERFACE_1 -1.176150495   0.8285926394   3.430951438e-09 
377      APPROX_INTERFACE_1 -1.176432394   0.8221495804   1.432027861e-09 
378      APPROX_INTERFACE_1 -1.176590838   0.8185281975   1.423854877e-09 
379      APPROX_INTERFACE_1 -1.176698576   0.8160926394   4.747167288e-18 
380      APPROX_INTERFACE_1 -1.176696223   0.8160926394   4.7452756e-18  
381      APPROX_INTERFACE_1 -1.176697399   0.8160934555   4.896136039e-14 
382      APPROX_INTERFACE_1 -1.176697399   0.8160918233   4.897070921e-14 
383      APPROX_INTERFACE_1 -1.176690909   0.8162409684   9.422084052e-10 
384      APPROX_INTERFACE_1 -1.176693008   0.816192995    5.659304079e-10 
385      APPROX_INTERFACE_1 -1.176693019   0.8161927606   5.639402188e-10 
386      APPROX_INTERFACE_1 -1.176694195   0.8161927606   5.639378215e-10 
387      APPROX_INTERFACE_1 -1.176691842   0.8161927606   5.639426295e-10 
388      APPROX_INTERFACE_1 -1.176693019   0.8161935768   5.708677526e-10 
389      APPROX_INTERFACE_1 -1.176693019   0.8161919444   5.570092911e-10 
390      APPROX_INTERFACE_1 -1.175421497   0.8146289444   1.473437899e-09 
391      APPROX_INTERFACE_1 -1.17604946    0.8154012621   1.471653335e-09 
392      APPROX_INTERFACE_1 -1.173475224   0.8122352683   1.473821838e-09 
393      APPROX_INTERFACE_1 -1.173476398   0.8122352683   1.473812692e-09 
394      APPROX_INTERFACE_1 -1.173474051   0.8122352683   1.473830982e-09 
395      APPROX_INTERFACE_1 -1.173475224   0.8122360805   1.473824287e-09 
396      APPROX_INTERFACE_1 -1.173475224   0.812234456    1.473819392e-09 
397      APPROX_INTERFACE_1 -1.172651476   0.8090482846   8.673124424e-10 
398      APPROX_INTERFACE_1 -1.17124134    0.8035926394   9.789649316e-10 
399      APPROX_INTERFACE_1 -1.171889192   0.8060991005   1.963775785e-09 
400      APPROX_INTERFACE_1 -1.172652649   0.8090482846   8.672741154e-10 
401      APPROX_INTERFACE_1 -1.172650303   0.8090482846   8.67350745e-10 
402      APPROX_INTERFACE_1 -1.172651476   0.8090490936   8.674735773e-10 
403      APPROX_INTERFACE_1 -1.172651476   0.8090474755   8.67203367e-10 
404      APPROX_INTERFACE_1 -1.172832562   0.8067106871   1.81614248e-09 
405      APPROX_INTERFACE_1 -1.172702661   0.8083875429   1.526410829e-09 
406      APPROX_INTERFACE_1 -1.172655379   0.8089979071   9.542099811e-10 
407      APPROX_INTERFACE_1 -1.172652649   0.8090482846   8.672741154e-10 
408      APPROX_INTERFACE_1 -1.172650303   0.8090482846   8.67350745e-10 
409      APPROX_INTERFACE_1 -1.172651476   0.8090490936   8.674735773e-10 
410      APPROX_INTERFACE_1 -1.172651476   0.8090474755   8.67203367e-10 
411      APPROX_INTERFACE_1 -1.172796438   0.8071770009   1.736544607e-09 
412      APPROX_INTERFACE_1 -1.172686702   0.8085935544   1.575503943e-09 
413      APPROX_INTERFACE_1 -1.172653602   0.8090208424   8.922565986e-10 
414      APPROX_INTERFACE_1 -1.172652649   0.8090482846   8.672741154e-10 
415      APPROX_INTERFACE_1 -1.172650303   0.8090482846   8.67350745e-10 
416      APPROX_INTERFACE_1 -1.172651476   0.8090490936   8.674735773e-10 
417      APPROX_INTERFACE_1 -1.172651476   0.8090474755   8.67203367e-10 
418      APPROX_INTERFACE_1 -1.172731336   0.8080173823   5.397346336e-10 
419      APPROX_INTERFACE_1 -1.172659482   0.8089449311   1.175614147e-09 
420      APPROX_INTERFACE_1 -1.172651959   0.8090420553   8.678014901e-10 
421      APPROX_INTERFACE_1 -1.172653131   0.8090420553   8.677631283e-10 
422      APPROX_INTERFACE_1 -1.172650786   0.8090420553   8.678398274e-10 
423      APPROX_INTERFACE_1 -1.172651959   0.8090428644   8.675612656e-10 
424      APPROX_INTERFACE_1 -1.172651959   0.8090412463   8.680937943e-10 
425      APPROX_INTERFACE_1 -1.173824611   0.8097589781   1.495512476e-09 
426      APPROX_INTERFACE_1 -1.17267715    0.8090574567   8.713274707e-10 
427      APPROX_INTERFACE_1 -1.172653697   0.8090431179   8.67439839e-10 
428      APPROX_INTERFACE_1 -1.172654869   0.8090431179   8.674014409e-10 
429      APPROX_INTERFACE_1 -1.172652524   0.8090431179   8.674782126e-10 
430      APPROX_INTERFACE_1 -1.172653697   0.809043927    8.672680742e-10 
431      APPROX_INTERFACE_1 -1.172653697   0.8090423089   8.676637336e-10 
432      APPROX_INTERFACE_1 -1.17382635    0.8089799774   9.752349984e-10 
433      APPROX_INTERFACE_1 -1.172804992   0.8090349716   8.669142227e-10 
434      APPROX_INTERFACE_1 -1.172797401   0.8090353803   8.668249067e-10 
435      APPROX_INTERFACE_1 -1.172798574   0.8090353803   8.667835537e-10 
436      APPROX_INTERFACE_1 -1.172796228   0.8090353803   8.668662355e-10 
437      APPROX_INTERFACE_1 -1.172797401   0.8090361893   8.661562394e-10 
438      APPROX_INTERFACE_1 -1.172797401   0.8090345713   8.675449883e-10 
439      APPROX_INTERFACE_1 -1.172840826   0.8098444157   1.505964855e-09 
440      APPROX_INTERFACE_1 -1.1728027     0.8091341017   1.105774088e-09 
441      APPROX_INTERFACE_1 -1.172797774   0.8090423355   8.627547539e-10 
442      APPROX_INTERFACE_1 -1.172798947   0.8090423355   8.627133512e-10 
443      APPROX_INTERFACE_1 -1.172796602   0.8090423355   8.627961323e-10 
444      APPROX_INTERFACE_1 -1.172797774   0.8090431445   8.625326032e-10 
445      APPROX_INTERFACE_1 -1.172797774   0.8090415265   8.63029127e-10 
446      APPROX_INTERFACE_1 -1.173970572   0.8092795385   1.468787781e-09 
447      APPROX_INTERFACE_1 -1.17281673    0.8090461692   8.614931222e-10 
448      APPROX_INTERFACE_1 -1.172807066   0.8090442148   8.619903572e-10 
449      APPROX_INTERFACE_1 -1.172808239   0.8090442148   8.619487638e-10 
450      APPROX_INTERFACE_1 -1.172805893   0.8090442148   8.620319264e-10 
451      APPROX_INTERFACE_1 -1.172807066   0.8090450238   8.618896446e-10 
452      APPROX_INTERFACE_1 -1.172807066   0.8090434057   8.621433624e-10 
453      APPROX_INTERFACE_1 -1.173979873   0.8090454066   8.084438495e-10 
454      APPROX_INTERFACE_1 -1.173465541   0.8090448839   8.347788529e-10 
455      APPROX_INTERFACE_1 -1.173465541   0.8090448839   8.347788519e-10 
456      APPROX_INTERFACE_1 -1.173466715   0.8090448839   8.347238672e-10 
457      APPROX_INTERFACE_1 -1.173464368   0.8090448839   8.348338134e-10 
458      APPROX_INTERFACE_1 -1.173465541   0.809045693    8.347237891e-10 
459      APPROX_INTERFACE_1 -1.173465541   0.8090440749   8.348869234e-10 
460      APPROX_INTERFACE_1 -1.173466363   0.808235839    8.64866452e-10 
461      APPROX_INTERFACE_1 -1.173465575   0.8090114591   8.818804688e-10 
462      APPROX_INTERFACE_1 -1.173465544   0.8090424362   8.352680784e-10 
463      APPROX_INTERFACE_1 -1.173466717   0.8090424362   8.352130877e-10 
464      APPROX_INTERFACE_1 -1.17346437    0.8090424362   8.353230459e-10 
465      APPROX_INTERFACE_1 -1.173465544   0.8090432452   8.350526768e-10 
466      APPROX_INTERFACE_1 -1.173465544   0.8090416271   8.35536426e-10 
467      APPROX_INTERFACE_1 -1.173510284   0.8082333937   8.439191126e-10 
468      APPROX_INTERFACE_1 -1.173465991   0.8090343457   8.403015292e-10 
469      APPROX_INTERFACE_1 -1.173465546   0.8090423913   8.3528144e-10  
470      APPROX_INTERFACE_1 -1.17346672    0.8090423913   8.352264493e-10 
471      APPROX_INTERFACE_1 -1.173464373   0.8090423913   8.353364075e-10 
472      APPROX_INTERFACE_1 -1.173465546   0.8090432004   8.35063105e-10 
473      APPROX_INTERFACE_1 -1.173465546   0.8090415823   8.355527188e-10 
474      APPROX_INTERFACE_1 -1.174639012   0.8088896844   1.322076421e-09 
475      APPROX_INTERFACE_1 -1.173477281   0.8090408643   8.352868649e-10 
476      APPROX_INTERFACE_1 -1.173465692   0.8090423724   8.352803657e-10 
477      APPROX_INTERFACE_1 -1.173466865   0.8090423724   8.35225372e-10 
478      APPROX_INTERFACE_1 -1.173464518   0.8090423724   8.353353361e-10 
479      APPROX_INTERFACE_1 -1.173465692   0.8090431814   8.350607898e-10 
480      APPROX_INTERFACE_1 -1.173465692   0.8090415634   8.355528845e-10 
481      APPROX_INTERFACE_1 -1.17357128    0.8098514148   1.496317686e-09 
482      APPROX_INTERFACE_1 -1.173466748   0.8090504628   8.354191448e-10 
483      APPROX_INTERFACE_1 -1.173465694   0.8090423913   8.352745138e-10 
484      APPROX_INTERFACE_1 -1.176697399   0.8160926394   5.232667521e-28 
485      APPROX_INTERFACE_1 -1.176697399   0.8160926394   5.232667521e-28 
486      APPROX_INTERFACE_1 -1.176698576   0.8160926394   3.742575286e-22 
487      APPROX_INTERFACE_1 -1.176696223   0.8160926394   1.221677999e-23 
488      APPROX_INTERFACE_1 -1.176697399   0.8160934555   0              
489      APPROX_INTERFACE_1 -1.176697399   0.8160918233   0              
490      APPROX_INTERFACE_1 -1.170447399   0.8117565313   8.899030556e-16 
491      APPROX_INTERFACE_1 -1.175298159   0.8151218782   7.379801019e-17 
492      APPROX_INTERFACE_1 -1.175298242   0.8151219356   7.378761908e-17 
493      APPROX_INTERFACE_1 -1.175299417   0.8151219356   7.365818453e-17 
494      APPROX_INTERFACE_1 -1.175297066   0.8151219356   7.391779352e-17 
495      APPROX_INTERFACE_1 -1.175298242   0.8151227507   7.377534838e-17 
496      APPROX_INTERFACE_1 -1.175298242   0.8151211205   7.380002523e-17 
497      APPROX_INTERFACE_1 -1.172532541   0.8223426394   1.792125033e-15 
498      APPROX_INTERFACE_1 -1.175270585   0.8151941426   7.567500182e-17 
499      APPROX_INTERFACE_1 -1.175286769   0.8151518888   7.458557855e-17 
500      APPROX_INTERFACE_1 -1.175287944   0.8151518888   7.445391856e-17 
501      APPROX_INTERFACE_1 -1.175285593   0.8151518888   7.471463793e-17 
502      APPROX_INTERFACE_1 -1.175286769   0.815152704    7.457165146e-17 
503      APPROX_INTERFACE_1 -1.175286769   0.8151510737   7.459795208e-17 
504      APPROX_INTERFACE_1 -1.170447399   0.8221006399   2.384823273e-14 
505      APPROX_INTERFACE_1 -1.175067883   0.8154661829   9.311426402e-17 
506      APPROX_INTERFACE_1 -1.174376685   0.8164586589   1.231578495e-16 
507      APPROX_INTERFACE_1 -1.17437786    0.8164586589   1.23050686e-16 
508      APPROX_INTERFACE_1 -1.174375511   0.8164586589   1.232666615e-16 
509      APPROX_INTERFACE_1 -1.174376685   0.8164594754   1.231016651e-16 
510      APPROX_INTERFACE_1 -1.174376685   0.8164578424   1.232169349e-16 
511      APPROX_INTERFACE_1 -1.170447399   0.8147232811   2.776135983e-16 
512      APPROX_INTERFACE_1 -1.174337392   0.8164413051   1.280173271e-16 
513      APPROX_INTERFACE_1 -1.17437078    0.8164560507   1.238857676e-16 
514      APPROX_INTERFACE_1 -1.17437078    0.8164560507   3.457498416e-43 
515      APPROX_INTERFACE_1 -1.17437078    0.8164560507   3.457498416e-43 
516      APPROX_INTERFACE_1 -1.174371954   0.8164560507   8.52463287e-14 
517      APPROX_INTERFACE_1 -1.174369605   0.8164560507   8.52469717e-14 
518      APPROX_INTERFACE_1 -1.17437078    0.8164568672   8.385899431e-15 
519      APPROX_INTERFACE_1 -1.17437078    0.8164552342   8.386004886e-15 
520      APPROX_INTERFACE_1 -1.18062078    0.8199477786   1.99825173e-10 
521      APPROX_INTERFACE_1 -1.174915244   0.8167602303   1.212178242e-10 
522      APPROX_INTERFACE_1 -1.174505153   0.816531122    1.220026447e-10 
523      APPROX_INTERFACE_1 -1.174371954   0.8164560507   8.52463287e-14 
524      APPROX_INTERFACE_1 -1.174369605   0.8164560507   8.52469717e-14 
525      APPROX_INTERFACE_1 -1.17437078    0.8164568672   8.385899431e-15 
526      APPROX_INTERFACE_1 -1.17437078    0.8164552342   8.386004886e-15 
527      APPROX_INTERFACE_1 -1.18062078    0.8199477786   1.99825173e-10 
528      APPROX_INTERFACE_1 -1.174915244   0.8167602303   1.212178242e-10 
529      APPROX_INTERFACE_1 -1.174505153   0.816531122    1.220026447e-10 
530      APPROX_INTERFACE_1 -1.174371954   0.8164560507   8.52463287e-14 
531      APPROX_INTERFACE_1 -1.174369605   0.8164560507   8.52469717e-14 
532      APPROX_INTERFACE_1 -1.17437078    0.8164568672   8.385899431e-15 
533      APPROX_INTERFACE_1 -1.17437078    0.8164552342   8.386004886e-15 
534      APPROX_INTERFACE_1 -1.18062078    0.8199477786   1.99825173e-10 
535      APPROX_INTERFACE_1 -1.174915244   0.8167602303   1.212178242e-10 
536      APPROX_INTERFACE_1 -1.174505153   0.816531122    1.220026447e-10 
