%eval_id interface x1             x2             obj_fn         
1        APPROX_INTERFACE_1 -1.2           1              -0.1999175155  
2        APPROX_INTERFACE_1 -1.2           1              -0.1999175155  
3        APPROX_INTERFACE_1 -1.2000012     1              -0.1999172015  
4        APPROX_INTERFACE_1 -1.1999988     1              -0.1999178296  
5        APPROX_INTERFACE_1 -1.2           1.000001       -0.1999173458  
6        APPROX_INTERFACE_1 -1.2           0.999999       -0.1999176853  
7        APPROX_INTERFACE_1 -1.14623096    0.9651209313   -0.2079750165  
8        APPROX_INTERFACE_1 -1.15496419    0.9707860301   -0.209788115   
9        APPROX_INTERFACE_1 -1.160030295   0.9740723274   -0.2104671938  
10       APPROX_INTERFACE_1 -1.160031455   0.9740723274   -0.2104674155  
11       APPROX_INTERFACE_1 -1.160029135   0.9740723274   -0.210466972   
12       APPROX_INTERFACE_1 -1.160030295   0.9740733014   -0.2104670403  
13       APPROX_INTERFACE_1 -1.160030295   0.9740713533   -0.2104673473  
14       APPROX_INTERFACE_1 -1.166488105   0.9085875186   -0.2205616086  
15       APPROX_INTERFACE_1 -1.177196504   0.8            -0.2307404916  
16       APPROX_INTERFACE_1 -1.183654314   0.8            -0.2292145586  
17       APPROX_INTERFACE_1 -1.178640422   0.8            -0.2304505562  
18       APPROX_INTERFACE_1 -1.177503092   0.8            -0.2306818704  
19       APPROX_INTERFACE_1 -1.177197682   0.8            -0.2307402697  
20       APPROX_INTERFACE_1 -1.177195327   0.8            -0.2307407135  
21       APPROX_INTERFACE_1 -1.177196504   0.8000008      -0.230740431   
22       APPROX_INTERFACE_1 -1.177196504   0.7999992      -0.2307405523  
23       APPROX_INTERFACE_1 -1.129043193   0.8            -0.2229382882  
24       APPROX_INTERFACE_1 -1.164248136   0.8            -0.2313966914  
25       APPROX_INTERFACE_1 -1.168312018   0.8            -0.2316066634  
26       APPROX_INTERFACE_1 -1.168313187   0.8            -0.231606667   
27       APPROX_INTERFACE_1 -1.16831085    0.8            -0.2316066597  
28       APPROX_INTERFACE_1 -1.168312018   0.8000008      -0.2316066028  
29       APPROX_INTERFACE_1 -1.168312018   0.7999992      -0.231606724   
30       APPROX_INTERFACE_1 -1.196649207   0.8            -0.2253854984  
31       APPROX_INTERFACE_1 -1.16859539    0.8            -0.231606584   
32       APPROX_INTERFACE_1 -1.168441861   0.8            -0.2316068655  
33       APPROX_INTERFACE_1 -1.16844303    0.8            -0.2316068655  
34       APPROX_INTERFACE_1 -1.168440693   0.8            -0.2316068655  
35       APPROX_INTERFACE_1 -1.168441861   0.8000008      -0.2316068049  
36       APPROX_INTERFACE_1 -1.168441861   0.7999992      -0.2316069261  
37       APPROX_INTERFACE_1 -1.16844303    0.8            -0.2316068655  
38       APPROX_INTERFACE_1 -1.168440693   0.8            -0.2316068655  
39       APPROX_INTERFACE_1 -1.168441861   0.8000008      -0.2316068049  
40       APPROX_INTERFACE_1 -1.168441861   0.7999992      -0.2316069261  
41       APPROX_INTERFACE_1 -1.168441861   0.8            -0.2170152634  
42       APPROX_INTERFACE_1 -1.168441861   0.8            -0.2170152634  
43       APPROX_INTERFACE_1 -1.16844303    0.8            -0.2170149858  
44       APPROX_INTERFACE_1 -1.168440693   0.8            -0.217015541   
45       APPROX_INTERFACE_1 -1.168441861   0.8000008      -0.2170152703  
46       APPROX_INTERFACE_1 -1.168441861   0.7999992      -0.2170152564  
47       APPROX_INTERFACE_1 -1.077217419   0.8033180806   -0.2136423074  
48       APPROX_INTERFACE_1 -1.128965281   0.8014358704   -0.2158399033  
49       APPROX_INTERFACE_1 -1.153644681   0.8005382136   -0.2194892752  
50       APPROX_INTERFACE_1 -1.153645835   0.8005382136   -0.2194892009  
51       APPROX_INTERFACE_1 -1.153643528   0.8005382136   -0.2194893495  
52       APPROX_INTERFACE_1 -1.153644681   0.8005390141   -0.219489282   
53       APPROX_INTERFACE_1 -1.153644681   0.8005374131   -0.2194892685  
54       APPROX_INTERFACE_1 -1.088563857   0.807711787    -0.2106986561  
55       APPROX_INTERFACE_1 -1.143035469   0.8017076205   -0.219155718   
56       APPROX_INTERFACE_1 -1.150290846   0.8009078921   -0.2196086592  
57       APPROX_INTERFACE_1 -1.150291996   0.8009078921   -0.2196086543  
58       APPROX_INTERFACE_1 -1.150289696   0.8009078921   -0.2196086641  
59       APPROX_INTERFACE_1 -1.150290846   0.800908693    -0.2196086658  
60       APPROX_INTERFACE_1 -1.150290846   0.8009070912   -0.2196086526  
61       APPROX_INTERFACE_1 -1.133479079   0.8246663732   -0.2172338171  
62       APPROX_INTERFACE_1 -1.149438612   0.8021122732   -0.2196151933  
63       APPROX_INTERFACE_1 -1.149469001   0.8020693284   -0.2196152033  
64       APPROX_INTERFACE_1 -1.14947015    0.8020693284   -0.2196152159  
65       APPROX_INTERFACE_1 -1.149467851   0.8020693284   -0.2196151907  
66       APPROX_INTERFACE_1 -1.149469001   0.8020701304   -0.2196152095  
67       APPROX_INTERFACE_1 -1.149469001   0.8020685263   -0.2196151971  
68       APPROX_INTERFACE_1 -1.153313309   0.8047811988   -0.2195412662  
69       APPROX_INTERFACE_1 -1.150353305   0.8026931383   -0.2196223522  
70       APPROX_INTERFACE_1 -1.15034331    0.802686088    -0.2196223532  
71       APPROX_INTERFACE_1 -1.150344461   0.802686088    -0.2196223472  
72       APPROX_INTERFACE_1 -1.15034216    0.802686088    -0.2196223593  
73       APPROX_INTERFACE_1 -1.15034331    0.8026868907   -0.2196223592  
74       APPROX_INTERFACE_1 -1.15034331    0.8026852853   -0.2196223473  
75       APPROX_INTERFACE_1 -1.150292011   0.8056025895   -0.2196423596  
76       APPROX_INTERFACE_1 -1.150086812   0.8172685955   -0.2196832661  
77       APPROX_INTERFACE_1 -1.150055303   0.8190599487   -0.219684004   
78       APPROX_INTERFACE_1 -1.150056453   0.8190599487   -0.2196840041  
79       APPROX_INTERFACE_1 -1.150054153   0.8190599487   -0.219684004   
80       APPROX_INTERFACE_1 -1.150055303   0.8190607677   -0.219684004   
81       APPROX_INTERFACE_1 -1.150055303   0.8190591296   -0.219684004   
82       APPROX_INTERFACE_1 -1.166244256   0.8194476024   -0.2176065022  
83       APPROX_INTERFACE_1 -1.150217192   0.8190638252   -0.2196837695  
84       APPROX_INTERFACE_1 -1.150057876   0.8190600103   -0.2196840041  
85       APPROX_INTERFACE_1 -1.150059026   0.8190600103   -0.2196840041  
86       APPROX_INTERFACE_1 -1.150056726   0.8190600103   -0.2196840041  
87       APPROX_INTERFACE_1 -1.150057876   0.8190608293   -0.2196840041  
88       APPROX_INTERFACE_1 -1.150057876   0.8190591912   -0.2196840041  
89       APPROX_INTERFACE_1 -1.150193697   0.8248257466   -0.2196762874  
90       APPROX_INTERFACE_1 -1.150059234   0.8191176676   -0.2196840034  
91       APPROX_INTERFACE_1 -1.150057917   0.8190617513   -0.2196840041  
92       APPROX_INTERFACE_1 -1.150059067   0.8190617513   -0.2196840041  
93       APPROX_INTERFACE_1 -1.150056767   0.8190617513   -0.2196840041  
94       APPROX_INTERFACE_1 -1.150057917   0.8190625704   -0.2196840041  
95       APPROX_INTERFACE_1 -1.150057917   0.8190609323   -0.2196840041  
96       APPROX_INTERFACE_1 -1.146008804   0.819157073    -0.2195310023  
97       APPROX_INTERFACE_1 -1.150017426   0.8190627046   -0.219683989   
98       APPROX_INTERFACE_1 -1.150057877   0.8190617523   -0.2196840041  
99       APPROX_INTERFACE_1 -1.168441861   0.8            -0.2170152634  
100      APPROX_INTERFACE_1 -1.168441861   0.8            -0.2170152634  
101      APPROX_INTERFACE_1 -1.16844303    0.8            -0.2170152621  
102      APPROX_INTERFACE_1 -1.168440693   0.8            -0.2170152646  
103      APPROX_INTERFACE_1 -1.168441861   0.8000008      -0.2170154472  
104      APPROX_INTERFACE_1 -1.168441861   0.7999992      -0.2170150795  
105      APPROX_INTERFACE_1 -1.168070476   0.88           -0.2147769354  
106      APPROX_INTERFACE_1 -1.168276325   0.8356582287   -0.2155915325  
107      APPROX_INTERFACE_1 -1.168384052   0.8124526768   -0.2185058969  
108      APPROX_INTERFACE_1 -1.168385221   0.8124526768   -0.2185058957  
109      APPROX_INTERFACE_1 -1.168382884   0.8124526768   -0.2185058981  
110      APPROX_INTERFACE_1 -1.168384052   0.8124534892   -0.218505889   
111      APPROX_INTERFACE_1 -1.168384052   0.8124518643   -0.2185059047  
112      APPROX_INTERFACE_1 -1.163069344   0.7656037046   -0.2165832794  
113      APPROX_INTERFACE_1 -1.167872438   0.8079428196   -0.218341394   
114      APPROX_INTERFACE_1 -1.168334012   0.8120115777   -0.2185083594  
115      APPROX_INTERFACE_1 -1.168335181   0.8120115777   -0.2185083581  
116      APPROX_INTERFACE_1 -1.168332844   0.8120115777   -0.2185083606  
117      APPROX_INTERFACE_1 -1.168334012   0.8120123897   -0.2185083584  
118      APPROX_INTERFACE_1 -1.168334012   0.8120107657   -0.2185083603  
119      APPROX_INTERFACE_1 -1.151242609   0.7883792597   -0.2147107939  
120      APPROX_INTERFACE_1 -1.168163098   0.8117752545   -0.2185082769  
121      APPROX_INTERFACE_1 -1.168261491   0.8119113027   -0.2185084586  
122      APPROX_INTERFACE_1 -1.16826266    0.8119113027   -0.2185084574  
123      APPROX_INTERFACE_1 -1.168260323   0.8119113027   -0.2185084598  
124      APPROX_INTERFACE_1 -1.168261491   0.8119121146   -0.2185084592  
125      APPROX_INTERFACE_1 -1.168261491   0.8119104908   -0.218508458   
126      APPROX_INTERFACE_1 -1.154120998   0.8220594744   -0.2177306176  
127      APPROX_INTERFACE_1 -1.168068303   0.8120499474   -0.2185085655  
128      APPROX_INTERFACE_1 -1.168110959   0.8120193351   -0.2185085748  
129      APPROX_INTERFACE_1 -1.168112127   0.8120193351   -0.2185085736  
130      APPROX_INTERFACE_1 -1.168109791   0.8120193351   -0.2185085759  
131      APPROX_INTERFACE_1 -1.168110959   0.8120201471   -0.2185085736  
132      APPROX_INTERFACE_1 -1.168110959   0.812018523    -0.2185085759  
133      APPROX_INTERFACE_1 -1.159498181   0.8118758062   -0.2185084327  
134      APPROX_INTERFACE_1 -1.163873918   0.8119487263   -0.2185107097  
135      APPROX_INTERFACE_1 -1.163873842   0.811948725    -0.2185107097  
136      APPROX_INTERFACE_1 -1.163875006   0.811948725    -0.2185107097  
137      APPROX_INTERFACE_1 -1.163872678   0.811948725    -0.2185107097  
138      APPROX_INTERFACE_1 -1.163873842   0.811949537    -0.2185107097  
139      APPROX_INTERFACE_1 -1.163873842   0.8119479131   -0.2185107097  
140      APPROX_INTERFACE_1 -1.163938209   0.8074774117   -0.2183009478  
141      APPROX_INTERFACE_1 -1.163874486   0.8119040119   -0.2185106903  
142      APPROX_INTERFACE_1 -1.163873844   0.8119486068   -0.2185107097  
143      APPROX_INTERFACE_1 -1.163875008   0.8119486068   -0.2185107097  
144      APPROX_INTERFACE_1 -1.16387268    0.8119486068   -0.2185107097  
145      APPROX_INTERFACE_1 -1.163873844   0.8119494187   -0.2185107097  
146      APPROX_INTERFACE_1 -1.163873844   0.8119477948   -0.2185107097  
147      APPROX_INTERFACE_1 -1.167078592   0.8119615917   -0.2185095145  
148      APPROX_INTERFACE_1 -1.163905891   0.8119487366   -0.2185107096  
149      APPROX_INTERFACE_1 -1.163874007   0.8119486074   -0.2185107097  
150      APPROX_INTERFACE_1 -1.163875171   0.8119486074   -0.2185107097  
151      APPROX_INTERFACE_1 -1.163872843   0.8119486074   -0.2185107097  
152      APPROX_INTERFACE_1 -1.163874007   0.8119494194   -0.2185107097  
153      APPROX_INTERFACE_1 -1.163874007   0.8119477955   -0.2185107097  
154      APPROX_INTERFACE_1 -1.163879298   0.8108306928   -0.2184982507  
155      APPROX_INTERFACE_1 -1.16387406    0.8119374283   -0.2185107085  
156      APPROX_INTERFACE_1 -1.163874007   0.8119486068   -0.2185107097  
157      APPROX_INTERFACE_1 -1.163874007   0.8119486068   -0.2170987004  
158      APPROX_INTERFACE_1 -1.163874007   0.8119486068   -0.2170987004  
159      APPROX_INTERFACE_1 -1.163875171   0.8119486068   -0.2170987322  
160      APPROX_INTERFACE_1 -1.163872843   0.8119486068   -0.2170986685  
161      APPROX_INTERFACE_1 -1.163874007   0.8119494187   -0.2170988231  
162      APPROX_INTERFACE_1 -1.163874007   0.8119477948   -0.2170985777  
163      APPROX_INTERFACE_1 -1.172926154   0.8619486068   -0.2170461858  
164      APPROX_INTERFACE_1 -1.168369836   0.8367815503   -0.2166702577  
165      APPROX_INTERFACE_1 -1.165494451   0.8208992158   -0.2180788702  
166      APPROX_INTERFACE_1 -1.165495617   0.8208992158   -0.2180788981  
167      APPROX_INTERFACE_1 -1.165493286   0.8208992158   -0.2180788423  
168      APPROX_INTERFACE_1 -1.165494451   0.8209000367   -0.2180787332  
169      APPROX_INTERFACE_1 -1.165494451   0.8208983949   -0.2180790072  
170      APPROX_INTERFACE_1 -1.165495617   0.8208992158   -0.2180788981  
171      APPROX_INTERFACE_1 -1.165493286   0.8208992158   -0.2180788423  
172      APPROX_INTERFACE_1 -1.165494451   0.8209000367   -0.2180787332  
173      APPROX_INTERFACE_1 -1.165494451   0.8208983949   -0.2180790072  
174      APPROX_INTERFACE_1 -1.166955148   0.8181593025   -0.2182950164  
175      APPROX_INTERFACE_1 -1.16679645    0.8184569819   -0.2183016329  
176      APPROX_INTERFACE_1 -1.166746147   0.8185513383   -0.2183021303  
177      APPROX_INTERFACE_1 -1.166747314   0.8185513383   -0.2183021552  
178      APPROX_INTERFACE_1 -1.16674498    0.8185513383   -0.2183021054  
179      APPROX_INTERFACE_1 -1.166746147   0.8185521569   -0.2183021405  
180      APPROX_INTERFACE_1 -1.166746147   0.8185505198   -0.21830212    
181      APPROX_INTERFACE_1 -1.170641308   0.8208427015   -0.2181835649  
182      APPROX_INTERFACE_1 -1.167691097   0.8191072134   -0.2183149948  
183      APPROX_INTERFACE_1 -1.167651468   0.8190839012   -0.2183150248  
184      APPROX_INTERFACE_1 -1.167652635   0.8190839012   -0.2183150474  
185      APPROX_INTERFACE_1 -1.1676503     0.8190839012   -0.2183150021  
186      APPROX_INTERFACE_1 -1.167651468   0.8190847203   -0.2183149975  
187      APPROX_INTERFACE_1 -1.167651468   0.8190830821   -0.2183150519  
188      APPROX_INTERFACE_1 -1.173348265   0.8188532763   -0.2183967295  
189      APPROX_INTERFACE_1 -1.176877043   0.8187104199   -0.218410719   
190      APPROX_INTERFACE_1 -1.176874158   0.8187105367   -0.218410719   
191      APPROX_INTERFACE_1 -1.176875335   0.8187105367   -0.218410719   
192      APPROX_INTERFACE_1 -1.176872981   0.8187105367   -0.2184107191  
193      APPROX_INTERFACE_1 -1.176874158   0.8187113554   -0.218410718   
194      APPROX_INTERFACE_1 -1.176874158   0.818709718    -0.21841072    
195      APPROX_INTERFACE_1 -1.176985216   0.8122129173   -0.2173180599  
196      APPROX_INTERFACE_1 -1.176875268   0.8186455605   -0.2184106143  
197      APPROX_INTERFACE_1 -1.176874393   0.818696769    -0.2184107273  
198      APPROX_INTERFACE_1 -1.17687557    0.818696769    -0.2184107272  
199      APPROX_INTERFACE_1 -1.176873216   0.818696769    -0.2184107273  
200      APPROX_INTERFACE_1 -1.176874393   0.8186975877   -0.2184107272  
201      APPROX_INTERFACE_1 -1.176874393   0.8186959503   -0.2184107272  
202      APPROX_INTERFACE_1 -1.172194421   0.8182866345   -0.2183806092  
203      APPROX_INTERFACE_1 -1.176827593   0.8186926677   -0.2184107265  
204      APPROX_INTERFACE_1 -1.17685682    0.818695229    -0.2184107277  
205      APPROX_INTERFACE_1 -1.176857997   0.818695229    -0.2184107277  
206      APPROX_INTERFACE_1 -1.176855643   0.818695229    -0.2184107277  
207      APPROX_INTERFACE_1 -1.17685682    0.8186960477   -0.2184107278  
208      APPROX_INTERFACE_1 -1.17685682    0.8186944103   -0.2184107276  
209      APPROX_INTERFACE_1 -1.174508083   0.8193505564   -0.2183866371  
210      APPROX_INTERFACE_1 -1.176833333   0.8187017823   -0.2184107264  
211      APPROX_INTERFACE_1 -1.176851478   0.8186967197   -0.2184107278  
212      APPROX_INTERFACE_1 -1.176851478   0.8186967197   -0.2172204063  
213      APPROX_INTERFACE_1 -1.176851478   0.8186967197   -0.2172204063  
214      APPROX_INTERFACE_1 -1.176852654   0.8186967197   -0.2172162932  
215      APPROX_INTERFACE_1 -1.176850301   0.8186967197   -0.2172249954  
216      APPROX_INTERFACE_1 -1.176851478   0.8186975384   -0.2172183412  
217      APPROX_INTERFACE_1 -1.176851478   0.818695901    -0.2172236023  
218      APPROX_INTERFACE_1 -1.17350422    0.8157878376   -0.2173608615  
219      APPROX_INTERFACE_1 -1.175166956   0.817232813    -0.2172698681  
220      APPROX_INTERFACE_1 -1.168428872   0.8113771862   -0.2177219844  
221      APPROX_INTERFACE_1 -1.168430041   0.8113771862   -0.2177210492  
222      APPROX_INTERFACE_1 -1.168427704   0.8113771862   -0.2177188173  
223      APPROX_INTERFACE_1 -1.168428872   0.8113779976   -0.2177209303  
224      APPROX_INTERFACE_1 -1.168428872   0.8113763748   -0.2177201624  
225      APPROX_INTERFACE_1 -1.178114505   0.8153643678   -0.2178968653  
226      APPROX_INTERFACE_1 -1.173348944   0.8134025798   -0.217734645   
227      APPROX_INTERFACE_1 -1.193029229   0.8215041543   -0.2184828341  
228      APPROX_INTERFACE_1 -1.193030422   0.8215041543   -0.2184825663  
229      APPROX_INTERFACE_1 -1.193028036   0.8215041543   -0.218481858   
230      APPROX_INTERFACE_1 -1.193029229   0.8215049758   -0.2184811527  
231      APPROX_INTERFACE_1 -1.193029229   0.8215033328   -0.2184793494  
232      APPROX_INTERFACE_1 -1.193412888   0.8219780472   -0.2184659416  
233      APPROX_INTERFACE_1 -1.19321608    0.8217349513   -0.218474062   
234      APPROX_INTERFACE_1 -1.193105667   0.8215985695   -0.2184809148  
235      APPROX_INTERFACE_1 -1.193030422   0.8215041543   -0.2184825663  
236      APPROX_INTERFACE_1 -1.193028036   0.8215041543   -0.218481858   
237      APPROX_INTERFACE_1 -1.193029229   0.8215049758   -0.2184811527  
238      APPROX_INTERFACE_1 -1.193029229   0.8215033328   -0.2184793494  
239      APPROX_INTERFACE_1 -1.19311689    0.8218282733   -0.2184926965  
240      APPROX_INTERFACE_1 -1.193074222   0.8216705115   -0.2184872098  
241      APPROX_INTERFACE_1 -1.193254194   0.8223359405   -0.2185045275  
242      APPROX_INTERFACE_1 -1.193255387   0.8223359405   -0.2185058541  
243      APPROX_INTERFACE_1 -1.193253001   0.8223359405   -0.2185099713  
244      APPROX_INTERFACE_1 -1.193254194   0.8223367628   -0.2185060564  
245      APPROX_INTERFACE_1 -1.193254194   0.8223351181   -0.2185047019  
246      APPROX_INTERFACE_1 -1.193250129   0.8223539561   -0.2185079448  
247      APPROX_INTERFACE_1 -1.193251784   0.8223466183   -0.2185104525  
248      APPROX_INTERFACE_1 -1.193251851   0.8223463249   -0.2185078955  
249      APPROX_INTERFACE_1 -1.193252978   0.8223466183   -0.2185068307  
250      APPROX_INTERFACE_1 -1.193250591   0.8223466183   -0.2185071058  
251      APPROX_INTERFACE_1 -1.193251784   0.8223474406   -0.2185066425  
252      APPROX_INTERFACE_1 -1.193251784   0.8223457959   -0.2185068065  
253      APPROX_INTERFACE_1 -1.193128279   0.8222702682   -0.2185160385  
254      APPROX_INTERFACE_1 -1.193168824   0.8222953327   -0.2185144179  
255      APPROX_INTERFACE_1 -1.192836981   0.8220901904   -0.2185355209  
256      APPROX_INTERFACE_1 -1.192838173   0.8220901904   -0.21853604    
257      APPROX_INTERFACE_1 -1.192835788   0.8220901904   -0.2185389099  
258      APPROX_INTERFACE_1 -1.192836981   0.8220910125   -0.2185344779  
259      APPROX_INTERFACE_1 -1.192836981   0.8220893683   -0.2185331151  
260      APPROX_INTERFACE_1 -1.192824662   0.8220986776   -0.2185363738  
261      APPROX_INTERFACE_1 -1.192830571   0.8220946064   -0.2185378121  
262      APPROX_INTERFACE_1 -1.192833117   0.8220928521   -0.2185369345  
263      APPROX_INTERFACE_1 -1.192831764   0.8220946064   -0.2185365827  
264      APPROX_INTERFACE_1 -1.192829378   0.8220946064   -0.2185366525  
265      APPROX_INTERFACE_1 -1.192830571   0.8220954285   -0.218534402   
266      APPROX_INTERFACE_1 -1.192830571   0.8220937843   -0.2185377732  
267      APPROX_INTERFACE_1 -1.192773938   0.8220847558   -0.2185430431  
268      APPROX_INTERFACE_1 -1.192793343   0.8220881311   -0.2185423688  
269      APPROX_INTERFACE_1 -1.192772415   0.822084491    -0.2185394475  
270      APPROX_INTERFACE_1 -1.19277513    0.8220847558   -0.2185420181  
271      APPROX_INTERFACE_1 -1.192772745   0.8220847558   -0.2185433966  
272      APPROX_INTERFACE_1 -1.192773938   0.8220855779   -0.2185426676  
273      APPROX_INTERFACE_1 -1.192773938   0.8220839337   -0.2185422596  
274      APPROX_INTERFACE_1 -1.192739914   0.8220936001   -0.2185450751  
275      APPROX_INTERFACE_1 -1.192755182   0.8220896313   -0.218544698   
276      APPROX_INTERFACE_1 -1.192740935   0.8220933346   -0.2185449988  
277      APPROX_INTERFACE_1 -1.192741107   0.8220936001   -0.2185452066  
278      APPROX_INTERFACE_1 -1.192738721   0.8220936001   -0.2185436997  
279      APPROX_INTERFACE_1 -1.192739914   0.8220944222   -0.218544545   
280      APPROX_INTERFACE_1 -1.192739914   0.822092778    -0.2185433014  
281      APPROX_INTERFACE_1 -1.19275413    0.822110621    -0.2185441314  
282      APPROX_INTERFACE_1 -1.192746728   0.8221017583   -0.2185450158  
283      APPROX_INTERFACE_1 -1.192742817   0.8220970755   -0.2185456056  
284      APPROX_INTERFACE_1 -1.192744009   0.8220970755   -0.2185426297  
285      APPROX_INTERFACE_1 -1.192741624   0.8220970755   -0.218542758   
286      APPROX_INTERFACE_1 -1.192742817   0.8220978976   -0.2185444422  
287      APPROX_INTERFACE_1 -1.192742817   0.8220962534   -0.2185461824  
288      APPROX_INTERFACE_1 -1.192836399   0.8220716712   -0.2185366142  
289      APPROX_INTERFACE_1 -1.192775969   0.822088076    -0.2185427881  
290      APPROX_INTERFACE_1 -1.19275306    0.8220942948   -0.2185462128  
291      APPROX_INTERFACE_1 -1.192754253   0.8220942948   -0.2185429441  
292      APPROX_INTERFACE_1 -1.192751867   0.8220942948   -0.2185453753  
293      APPROX_INTERFACE_1 -1.19275306    0.8220951169   -0.2185439531  
294      APPROX_INTERFACE_1 -1.19275306    0.8220934727   -0.2185427338  
295      APPROX_INTERFACE_1 -1.192749844   0.8221193447   -0.2185464162  
296      APPROX_INTERFACE_1 -1.192751437   0.8221069374   -0.2185466232  
297      APPROX_INTERFACE_1 -1.192752334   0.8220999488   -0.2185454343  
298      APPROX_INTERFACE_1 -1.192752629   0.8221069374   -0.2185434916  
299      APPROX_INTERFACE_1 -1.192750244   0.8221069374   -0.218546221   
300      APPROX_INTERFACE_1 -1.192751437   0.8221077595   -0.2185429976  
301      APPROX_INTERFACE_1 -1.192751437   0.8221061153   -0.218545655   
302      APPROX_INTERFACE_1 -1.19274506    0.8220979296   -0.2185416968  
303      APPROX_INTERFACE_1 -1.192748835   0.822103262    -0.2185479351  
304      APPROX_INTERFACE_1 -1.192749977   0.822104876    -0.2185427657  
305      APPROX_INTERFACE_1 -1.192750028   0.822103262    -0.2185438784  
306      APPROX_INTERFACE_1 -1.192747642   0.822103262    -0.2185455958  
307      APPROX_INTERFACE_1 -1.192748835   0.8221040841   -0.2185478085  
308      APPROX_INTERFACE_1 -1.192748835   0.8221024399   -0.218549765   
309      APPROX_INTERFACE_1 -1.192740301   0.8220900584   -0.2185488149  
310      APPROX_INTERFACE_1 -1.192744389   0.8220963833   -0.2185443569  
311      APPROX_INTERFACE_1 -1.192726606   0.8220688685   -0.2185441804  
312      APPROX_INTERFACE_1 -1.192741494   0.8220900584   -0.2185443341  
313      APPROX_INTERFACE_1 -1.192739109   0.8220900584   -0.2185468997  
314      APPROX_INTERFACE_1 -1.192740301   0.8220908805   -0.2185449119  
315      APPROX_INTERFACE_1 -1.192740301   0.8220892363   -0.2185469792  
316      APPROX_INTERFACE_1 -1.192732617   0.8220792495   -0.2185452574  
317      APPROX_INTERFACE_1 -1.192736997   0.8220854105   -0.2185471197  
318      APPROX_INTERFACE_1 -1.192739141   0.8220884255   -0.2185440204  
319      APPROX_INTERFACE_1 -1.192741494   0.8220900584   -0.2185443341  
320      APPROX_INTERFACE_1 -1.192739109   0.8220900584   -0.2185468997  
321      APPROX_INTERFACE_1 -1.192740301   0.8220908805   -0.2185449119  
322      APPROX_INTERFACE_1 -1.192740301   0.8220892363   -0.2185469792  
323      APPROX_INTERFACE_1 -1.192731715   0.822080021    -0.2185453473  
324      APPROX_INTERFACE_1 -1.192736596   0.822085727    -0.2185464019  
325      APPROX_INTERFACE_1 -1.192739108   0.8220886634   -0.2185436959  
326      APPROX_INTERFACE_1 -1.192741494   0.8220900584   -0.2185443341  
327      APPROX_INTERFACE_1 -1.192739109   0.8220900584   -0.2185468997  
328      APPROX_INTERFACE_1 -1.192740301   0.8220908805   -0.2185449119  
329      APPROX_INTERFACE_1 -1.192740301   0.8220892363   -0.2185469792  
330      APPROX_INTERFACE_1 -1.192731715   0.822080021    -0.2185453473  
331      APPROX_INTERFACE_1 -1.192736596   0.822085727    -0.2185464019  
332      APPROX_INTERFACE_1 -1.192739108   0.8220886634   -0.2185436959  
333      APPROX_INTERFACE_1 -1.176851478   0.8186967197   -0.2172217744  
334      APPROX_INTERFACE_1 -1.176851478   0.8186967197   -0.2172217744  
335      APPROX_INTERFACE_1 -1.176852654   0.8186967197   -0.2172217689  
336      APPROX_INTERFACE_1 -1.176850301   0.8186967197   -0.2172217835  
337      APPROX_INTERFACE_1 -1.176851478   0.8186975384   -0.2172217448  
338      APPROX_INTERFACE_1 -1.176851478   0.818695901    -0.2172219172  
339      APPROX_INTERFACE_1 -1.176111877   0.8061967197   -0.2171252752  
340      APPROX_INTERFACE_1 -1.17650686    0.8128723383   -0.2172338948  
341      APPROX_INTERFACE_1 -1.176697399   0.8160926394   -0.2172350506  
342      APPROX_INTERFACE_1 -1.176698576   0.8160926394   -0.2172350323  
343      APPROX_INTERFACE_1 -1.176696223   0.8160926394   -0.2172349639  
344      APPROX_INTERFACE_1 -1.176697399   0.8160934555   -0.2172349486  
345      APPROX_INTERFACE_1 -1.176697399   0.8160918233   -0.2172350174  
346      APPROX_INTERFACE_1 -1.180774786   0.8061967197   -0.2170596926  
347      APPROX_INTERFACE_1 -1.178233355   0.8123648364   -0.2172202793  
348      APPROX_INTERFACE_1 -1.177335373   0.8145442616   -0.2172335364  
349      APPROX_INTERFACE_1 -1.176698576   0.8160926394   -0.2172350323  
350      APPROX_INTERFACE_1 -1.176696223   0.8160926394   -0.2172349639  
351      APPROX_INTERFACE_1 -1.176697399   0.8160934555   -0.2172349486  
352      APPROX_INTERFACE_1 -1.176697399   0.8160918233   -0.2172350174  
353      APPROX_INTERFACE_1 -1.176894395   0.8157132151   -0.2172348232  
354      APPROX_INTERFACE_1 -1.176794877   0.815904892    -0.2172348842  
355      APPROX_INTERFACE_1 -1.176737795   0.8160148341   -0.2172350258  
356      APPROX_INTERFACE_1 -1.176698576   0.8160926394   -0.2172350323  
357      APPROX_INTERFACE_1 -1.176696223   0.8160926394   -0.2172349639  
358      APPROX_INTERFACE_1 -1.176697399   0.8160934555   -0.2172349486  
359      APPROX_INTERFACE_1 -1.176697399   0.8160918233   -0.2172350174  
360      APPROX_INTERFACE_1 -1.176938185   0.8157434066   -0.217234601   
361      APPROX_INTERFACE_1 -1.176815351   0.8159215636   -0.2172347688  
362      APPROX_INTERFACE_1 -1.176745674   0.8160226214   -0.2172349371  
363      APPROX_INTERFACE_1 -1.176697399   0.8160926394   -0.2172305204  
364      APPROX_INTERFACE_1 -1.176697399   0.8160926394   -0.2172305204  
365      APPROX_INTERFACE_1 -1.176698576   0.8160926394   -0.2172305129  
366      APPROX_INTERFACE_1 -1.176696223   0.8160926394   -0.2172305279  
367      APPROX_INTERFACE_1 -1.176697399   0.8160934555   -0.2172306395  
368      APPROX_INTERFACE_1 -1.176697399   0.8160918233   -0.2172304009  
369      APPROX_INTERFACE_1 -1.176150495   0.8285926394   -0.2171721703  
370      APPROX_INTERFACE_1 -1.176432394   0.8221495804   -0.2171937519  
371      APPROX_INTERFACE_1 -1.176590838   0.8185281975   -0.2172102783  
372      APPROX_INTERFACE_1 -1.176698576   0.8160926394   -0.2172305129  
373      APPROX_INTERFACE_1 -1.176696223   0.8160926394   -0.2172305279  
374      APPROX_INTERFACE_1 -1.176697399   0.8160934555   -0.2172306395  
375      APPROX_INTERFACE_1 -1.176697399   0.8160918233   -0.2172304009  
376      APPROX_INTERFACE_1 -1.176150495   0.8285926394   -0.2171721703  
377      APPROX_INTERFACE_1 -1.176432394   0.8221495804   -0.2171937519  
378      APPROX_INTERFACE_1 -1.176590838   0.8185281975   -0.2172102783  
379      APPROX_INTERFACE_1 -1.176698576   0.8160926394   -0.2172305129  
380      APPROX_INTERFACE_1 -1.176696223   0.8160926394   -0.2172305279  
381      APPROX_INTERFACE_1 -1.176697399   0.8160934555   -0.2172306395  
382      APPROX_INTERFACE_1 -1.176697399   0.8160918233   -0.2172304009  
383      APPROX_INTERFACE_1 -1.176690909   0.8162409684   -0.2172361898  
384      APPROX_INTERFACE_1 -1.176693008   0.816192995    -0.2172383146  
385      APPROX_INTERFACE_1 -1.176693019   0.8161927606   -0.2172383166  
386      APPROX_INTERFACE_1 -1.176694195   0.8161927606   -0.2172383091  
387      APPROX_INTERFACE_1 -1.176691842   0.8161927606   -0.2172383241  
388      APPROX_INTERFACE_1 -1.176693019   0.8161935768   -0.2172383089  
389      APPROX_INTERFACE_1 -1.176693019   0.8161919444   -0.2172383231  
390      APPROX_INTERFACE_1 -1.175421497   0.8146289444   -0.2172385798  
391      APPROX_INTERFACE_1 -1.17604946    0.8154012621   -0.2172310206  
392      APPROX_INTERFACE_1 -1.173475224   0.8122352683   -0.2172579695  
393      APPROX_INTERFACE_1 -1.173476398   0.8122352683   -0.2172579695  
394      APPROX_INTERFACE_1 -1.173474051   0.8122352683   -0.2172579695  
395      APPROX_INTERFACE_1 -1.173475224   0.8122360805   -0.217257964   
396      APPROX_INTERFACE_1 -1.173475224   0.812234456    -0.2172579751  
397      APPROX_INTERFACE_1 -1.172651476   0.8090482846   -0.2173368424  
398      APPROX_INTERFACE_1 -1.17124134    0.8035926394   -0.2173184935  
399      APPROX_INTERFACE_1 -1.171889192   0.8060991005   -0.2173019184  
400      APPROX_INTERFACE_1 -1.172652649   0.8090482846   -0.2173368443  
401      APPROX_INTERFACE_1 -1.172650303   0.8090482846   -0.2173368405  
402      APPROX_INTERFACE_1 -1.172651476   0.8090490936   -0.2173368243  
403      APPROX_INTERFACE_1 -1.172651476   0.8090474755   -0.2173368582  
404      APPROX_INTERFACE_1 -1.172832562   0.8067106871   -0.2172989488  
405      APPROX_INTERFACE_1 -1.172702661   0.8083875429   -0.2172812516  
406      APPROX_INTERFACE_1 -1.172655379   0.8089979071   -0.2173335201  
407      APPROX_INTERFACE_1 -1.172652649   0.8090482846   -0.2173368443  
408      APPROX_INTERFACE_1 -1.172650303   0.8090482846   -0.2173368405  
409      APPROX_INTERFACE_1 -1.172651476   0.8090490936   -0.2173368243  
410      APPROX_INTERFACE_1 -1.172651476   0.8090474755   -0.2173368582  
411      APPROX_INTERFACE_1 -1.172796438   0.8071770009   -0.2172951202  
412      APPROX_INTERFACE_1 -1.172686702   0.8085935544   -0.2172838667  
413      APPROX_INTERFACE_1 -1.172653602   0.8090208424   -0.2173360905  
414      APPROX_INTERFACE_1 -1.172652649   0.8090482846   -0.2173368443  
415      APPROX_INTERFACE_1 -1.172650303   0.8090482846   -0.2173368405  
416      APPROX_INTERFACE_1 -1.172651476   0.8090490936   -0.2173368243  
417      APPROX_INTERFACE_1 -1.172651476   0.8090474755   -0.2173368582  
418      APPROX_INTERFACE_1 -1.172731336   0.8080173823   -0.2172501845  
419      APPROX_INTERFACE_1 -1.172659482   0.8089449311   -0.2173225085  
420      APPROX_INTERFACE_1 -1.172651959   0.8090420553   -0.2173369048  
421      APPROX_INTERFACE_1 -1.172653131   0.8090420553   -0.2173369067  
422      APPROX_INTERFACE_1 -1.172650786   0.8090420553   -0.2173369029  
423      APPROX_INTERFACE_1 -1.172651959   0.8090428644   -0.2173369046  
424      APPROX_INTERFACE_1 -1.172651959   0.8090412463   -0.2173369026  
425      APPROX_INTERFACE_1 -1.173824611   0.8097589781   -0.2172754664  
426      APPROX_INTERFACE_1 -1.17267715    0.8090574567   -0.2173365423  
427      APPROX_INTERFACE_1 -1.172653697   0.8090431179   -0.2173369068  
428      APPROX_INTERFACE_1 -1.172654869   0.8090431179   -0.2173369087  
429      APPROX_INTERFACE_1 -1.172652524   0.8090431179   -0.2173369049  
430      APPROX_INTERFACE_1 -1.172653697   0.809043927    -0.2173369036  
431      APPROX_INTERFACE_1 -1.172653697   0.8090423089   -0.2173369078  
432      APPROX_INTERFACE_1 -1.17382635    0.8089799774   -0.2173309785  
433      APPROX_INTERFACE_1 -1.172804992   0.8090349716   -0.2173370324  
434      APPROX_INTERFACE_1 -1.172797401   0.8090353803   -0.2173370327  
435      APPROX_INTERFACE_1 -1.172798574   0.8090353803   -0.2173370343  
436      APPROX_INTERFACE_1 -1.172796228   0.8090353803   -0.2173370312  
437      APPROX_INTERFACE_1 -1.172797401   0.8090361893   -0.2173370517  
438      APPROX_INTERFACE_1 -1.172797401   0.8090345713   -0.2173370115  
439      APPROX_INTERFACE_1 -1.172840826   0.8098444157   -0.2172745693  
440      APPROX_INTERFACE_1 -1.1728027     0.8091341017   -0.2173238249  
441      APPROX_INTERFACE_1 -1.172797774   0.8090423355   -0.2173371205  
442      APPROX_INTERFACE_1 -1.172798947   0.8090423355   -0.217337122   
443      APPROX_INTERFACE_1 -1.172796602   0.8090423355   -0.2173371189  
444      APPROX_INTERFACE_1 -1.172797774   0.8090431445   -0.2173371195  
445      APPROX_INTERFACE_1 -1.172797774   0.8090415265   -0.2173371191  
446      APPROX_INTERFACE_1 -1.173970572   0.8092795385   -0.2172889069  
447      APPROX_INTERFACE_1 -1.17281673    0.8090461692   -0.21733712    
448      APPROX_INTERFACE_1 -1.172807066   0.8090442148   -0.2173371269  
449      APPROX_INTERFACE_1 -1.172808239   0.8090442148   -0.2173371284  
450      APPROX_INTERFACE_1 -1.172805893   0.8090442148   -0.2173371253  
451      APPROX_INTERFACE_1 -1.172807066   0.8090450238   -0.2173371204  
452      APPROX_INTERFACE_1 -1.172807066   0.8090434057   -0.2173371309  
453      APPROX_INTERFACE_1 -1.173979873   0.8090454066   -0.2173372948  
454      APPROX_INTERFACE_1 -1.173465541   0.8090448839   -0.2173375576  
455      APPROX_INTERFACE_1 -1.173465541   0.8090448839   -0.2173375576  
456      APPROX_INTERFACE_1 -1.173466715   0.8090448839   -0.2173375576  
457      APPROX_INTERFACE_1 -1.173464368   0.8090448839   -0.2173375576  
458      APPROX_INTERFACE_1 -1.173465541   0.809045693    -0.2173375493  
459      APPROX_INTERFACE_1 -1.173465541   0.8090440749   -0.2173375636  
460      APPROX_INTERFACE_1 -1.173466363   0.808235839    -0.2172579175  
461      APPROX_INTERFACE_1 -1.173465575   0.8090114591   -0.2173358998  
462      APPROX_INTERFACE_1 -1.173465544   0.8090424362   -0.2173375686  
463      APPROX_INTERFACE_1 -1.173466717   0.8090424362   -0.2173375686  
464      APPROX_INTERFACE_1 -1.17346437    0.8090424362   -0.2173375686  
465      APPROX_INTERFACE_1 -1.173465544   0.8090432452   -0.2173375673  
466      APPROX_INTERFACE_1 -1.173465544   0.8090416271   -0.2173375676  
467      APPROX_INTERFACE_1 -1.173510284   0.8082333937   -0.2172573564  
468      APPROX_INTERFACE_1 -1.173465991   0.8090343457   -0.2173374538  
469      APPROX_INTERFACE_1 -1.173465546   0.8090423913   -0.2173375686  
470      APPROX_INTERFACE_1 -1.17346672    0.8090423913   -0.2173375687  
471      APPROX_INTERFACE_1 -1.173464373   0.8090423913   -0.2173375686  
472      APPROX_INTERFACE_1 -1.173465546   0.8090432004   -0.2173375675  
473      APPROX_INTERFACE_1 -1.173465546   0.8090415823   -0.2173375675  
474      APPROX_INTERFACE_1 -1.174639012   0.8088896844   -0.217307424   
475      APPROX_INTERFACE_1 -1.173477281   0.8090408643   -0.2173375645  
476      APPROX_INTERFACE_1 -1.173465692   0.8090423724   -0.2173375686  
477      APPROX_INTERFACE_1 -1.173466865   0.8090423724   -0.2173375687  
478      APPROX_INTERFACE_1 -1.173464518   0.8090423724   -0.2173375686  
479      APPROX_INTERFACE_1 -1.173465692   0.8090431814   -0.2173375675  
480      APPROX_INTERFACE_1 -1.173465692   0.8090415634   -0.2173375674  
481      APPROX_INTERFACE_1 -1.17357128    0.8098514148   -0.217274897   
482      APPROX_INTERFACE_1 -1.173466748   0.8090504628   -0.2173374528  
483      APPROX_INTERFACE_1 -1.173465694   0.8090423913   -0.2173375686  
484      APPROX_INTERFACE_1 -1.176697399   0.8160926394   -0.2172305204  
485      APPROX_INTERFACE_1 -1.176697399   0.8160926394   -0.2172305204  
486      APPROX_INTERFACE_1 -1.176698576   0.8160926394   -0.2172305169  
487      APPROX_INTERFACE_1 -1.176696223   0.8160926394   -0.217230524   
488      APPROX_INTERFACE_1 -1.176697399   0.8160934555   -0.2172305187  
489      APPROX_INTERFACE_1 -1.176697399   0.8160918233   -0.2172305221  
490      APPROX_INTERFACE_1 -1.170447399   0.8117565313   -0.2171962539  
491      APPROX_INTERFACE_1 -1.175298159   0.8151218782   -0.2172336302  
492      APPROX_INTERFACE_1 -1.175298242   0.8151219356   -0.2172336302  
493      APPROX_INTERFACE_1 -1.175299417   0.8151219356   -0.2172336302  
494      APPROX_INTERFACE_1 -1.175297066   0.8151219356   -0.2172336302  
495      APPROX_INTERFACE_1 -1.175298242   0.8151227507   -0.2172336302  
496      APPROX_INTERFACE_1 -1.175298242   0.8151211205   -0.2172336302  
497      APPROX_INTERFACE_1 -1.172532541   0.8223426394   -0.2172297989  
498      APPROX_INTERFACE_1 -1.175270585   0.8151941426   -0.2172336302  
499      APPROX_INTERFACE_1 -1.175286769   0.8151518888   -0.2172336303  
500      APPROX_INTERFACE_1 -1.175287944   0.8151518888   -0.2172336303  
501      APPROX_INTERFACE_1 -1.175285593   0.8151518888   -0.2172336303  
502      APPROX_INTERFACE_1 -1.175286769   0.815152704    -0.2172336303  
503      APPROX_INTERFACE_1 -1.175286769   0.8151510737   -0.2172336303  
504      APPROX_INTERFACE_1 -1.170447399   0.8221006399   -0.2172333021  
505      APPROX_INTERFACE_1 -1.175067883   0.8154661829   -0.2172336318  
506      APPROX_INTERFACE_1 -1.174376685   0.8164586589   -0.217233636   
507      APPROX_INTERFACE_1 -1.17437786    0.8164586589   -0.217233636   
508      APPROX_INTERFACE_1 -1.174375511   0.8164586589   -0.217233636   
509      APPROX_INTERFACE_1 -1.174376685   0.8164594754   -0.217233636   
510      APPROX_INTERFACE_1 -1.174376685   0.8164578424   -0.217233636   
511      APPROX_INTERFACE_1 -1.170447399   0.8147232811   -0.21721461    
512      APPROX_INTERFACE_1 -1.174337392   0.8164413051   -0.2172336346  
513      APPROX_INTERFACE_1 -1.17437078    0.8164560507   -0.217233636   
514      APPROX_INTERFACE_1 -1.17437078    0.8164560507   -0.2172336282  
515      APPROX_INTERFACE_1 -1.17437078    0.8164560507   -0.2172336282  
516      APPROX_INTERFACE_1 -1.174371954   0.8164560507   -0.2172336287  
517      APPROX_INTERFACE_1 -1.174369605   0.8164560507   -0.217233627   
518      APPROX_INTERFACE_1 -1.17437078    0.8164568672   -0.2172336285  
519      APPROX_INTERFACE_1 -1.17437078    0.8164552342   -0.2172336278  
520      APPROX_INTERFACE_1 -1.18062078    0.8199477786   -0.2172044156  
521      APPROX_INTERFACE_1 -1.174915244   0.8167602303   -0.2172331238  
522      APPROX_INTERFACE_1 -1.174505153   0.816531122    -0.2172329674  
523      APPROX_INTERFACE_1 -1.174371954   0.8164560507   -0.2172336287  
524      APPROX_INTERFACE_1 -1.174369605   0.8164560507   -0.217233627   
525      APPROX_INTERFACE_1 -1.17437078    0.8164568672   -0.2172336285  
526      APPROX_INTERFACE_1 -1.17437078    0.8164552342   -0.2172336278  
527      APPROX_INTERFACE_1 -1.18062078    0.8199477786   -0.2172044156  
528      APPROX_INTERFACE_1 -1.174915244   0.8167602303   -0.2172331238  
529      APPROX_INTERFACE_1 -1.174505153   0.816531122    -0.2172329674  
530      APPROX_INTERFACE_1 -1.174371954   0.8164560507   -0.2172336287  
531      APPROX_INTERFACE_1 -1.174369605   0.8164560507   -0.217233627   
532      APPROX_INTERFACE_1 -1.17437078    0.8164568672   -0.2172336285  
533      APPROX_INTERFACE_1 -1.17437078    0.8164552342   -0.2172336278  
534      APPROX_INTERFACE_1 -1.18062078    0.8199477786   -0.2172044156  
535      APPROX_INTERFACE_1 -1.174915244   0.8167602303   -0.2172331238  
536      APPROX_INTERFACE_1 -1.174505153   0.816531122    -0.2172329674  
