%eval_id interface x1             x2             obj_fn         
1        NO_ID      -1.2           1              -0.1999175155  
2        NO_ID      -1.139054322   0.9492123576   -0.214363798   
3        NO_ID      -1.090143572   0.9084537388   -0.2170973165  
4        NO_ID      -1.098870949   0.915726492    -0.2172336145  
5        NO_ID      -0.9933628756  0.8287675733   -0.1961501733  
6        NO_ID      -1.097815868   0.9148569028   -0.2172319414  
7        NO_ID      -1.098781233   0.9156525486   -0.2172336282  
8        NO_ID      -1.045986645   0.9199047514   -0.2157135425  
9        NO_ID      -1.098253287   0.9156950707   -0.2172334723  
10       NO_ID      -1.098779512   0.9156526872   -0.2172336282  
11       NO_ID      -1.072383939   0.9179214333   -0.2168552975  
12       NO_ID      -1.09851726    0.9156752375   -0.217233589   
13       NO_ID      -1.098779533   0.9156526947   -0.2172336282  
