%eval_id interface x1             x2             response_fn_1  
1        NO_ID      0.9096500846   -1.34507076    -0.1813926416  
2        NO_ID      1.317219076    -0.3477494931  -0.2121393098  
3        NO_ID      -1.52374627    -0.8634462627  -0.1279555034  
4        NO_ID      -1.960447777   1.716179777    0.1155195316   
5        NO_ID      0.2793001831   0.3417428229   0.7090014023   
6        NO_ID      1.033596979    1.891226995    0.06920773417  
7        NO_ID      0.08254027087  -1.452992545   -0.2165696133  
8        NO_ID      -0.8468040107  -1.141931946   -0.2171531397  
9        NO_ID      -1.679394638   -1.522454418   0.1043855038   
10       NO_ID      1.227285308    -1.479939952   -0.03985413656 
11       NO_ID      -1.728398576   -1.171319601   0.04156931254  
12       NO_ID      -1.121996004   -1.240465056   -0.1630051325  
13       NO_ID      1.12553777     0.3608814888   -0.1457094538  
14       NO_ID      -0.633493321   -0.2170182513  0.4094298216   
15       NO_ID      -1.862747227   1.653211654    0.1277499813   
16       NO_ID      -0.3591069886  1.4354482      -0.2146820134  
17       NO_ID      -0.3260624614  0.9799168548   -0.03164704729 
18       NO_ID      -0.540072972   -1.434810313   -0.2065058479  
19       NO_ID      1.829210939    -0.9204743272  0.0232315609   
20       NO_ID      -1.762320639   0.4429479614   -0.09518924746 
21       NO_ID      -0.6892480515  1.450611266    -0.1873019444  
22       NO_ID      -1.728085074   1.589149094    0.1203573661   
23       NO_ID      1.817351461    1.947242219    0.1040743772   
24       NO_ID      -1.929991703   -0.2990381541  -0.02396719471 
25       NO_ID      1.351966026    0.8850954641   -0.1840643061  
26       NO_ID      -1.795225344   0.8578979317   -0.005186312722 
27       NO_ID      -0.2200157456  0.4216145743   0.6673539255   
28       NO_ID      0.6253340878   -0.2041997286  0.4256054531   
29       NO_ID      -1.210224897   1.317515395    -0.1094975201  
30       NO_ID      -1.937215229   1.573725426    0.1275234701   
31       NO_ID      -1.341390323   -0.3991039675  -0.2162030758  
32       NO_ID      -1.018510442   -1.894980278   0.06773074901  
33       NO_ID      0.1799942944   0.6003857376   0.4680890968   
34       NO_ID      0.5190304527   0.6425984995   0.2002801905   
35       NO_ID      0.2944397442   0.3969771275   0.6439177437   
36       NO_ID      0.9006134598   -0.2031998411  0.08232448131  
37       NO_ID      0.3900530087   0.1629897822   0.730900287    
38       NO_ID      -1.478282888   1.552682258    0.06484269604  
39       NO_ID      -0.8307305621  1.544040037    -0.1270214418  
40       NO_ID      1.434098667    1.791692061    0.1109034738   
41       NO_ID      -1.957217442   -0.6110142041  0.02446634425  
42       NO_ID      0.1223470112   -1.736649366   -0.1329064762  
43       NO_ID      0.8751043146   -1.470665669   -0.1464904584  
44       NO_ID      -0.8090971354  -1.390912003   -0.1863052017  
45       NO_ID      -0.7579206349  -1.63619481    -0.1023112589  
46       NO_ID      -1.204904498   0.7314372379   -0.2167672746  
47       NO_ID      1.400563309    -0.9147158097  -0.1629257396  
48       NO_ID      1.052753138    -1.975326537   0.09680856456  
49       NO_ID      -1.424384309   -1.341838584   -0.0219648201  
50       NO_ID      -0.6748076817  1.687220555    -0.09517485692 
51       NO_ID      0.09868519567  0.2156572351   0.9100121336   
52       NO_ID      0.0499696536   -0.8323580539  0.1903223212   
53       NO_ID      -0.04929067474 1.970699868    -0.01453090096 
54       NO_ID      -0.8014636775  0.9843508201   -0.1877694232  
55       NO_ID      0.1617104113   1.813210773    -0.09350364531 
56       NO_ID      1.324490167    -1.935404134   0.1199950099   
57       NO_ID      -1.843748348   0.2760192407   -0.07060665643 
58       NO_ID      -1.746444123   -0.2790842978  -0.1196132399  
59       NO_ID      -1.396373216   0.5297926627   -0.2130858849  
60       NO_ID      -1.666698419   0.009066428989 -0.1653761452  
61       NO_ID      -0.5868749991  1.828296085    -0.04113506105 
62       NO_ID      0.6686114613   0.4550519884   0.222473179    
63       NO_ID      0.6994225308   -0.3840390956  0.23658459     
64       NO_ID      -0.1605067002  -0.5183698153  0.5813257542   
65       NO_ID      -0.9091765722  1.785754204    0.001934339381 
66       NO_ID      -1.759821293   0.006435949355 -0.1238866226  
67       NO_ID      1.154802851    1.178113168    -0.1720011693  
68       NO_ID      -1.364165022   -0.5395054203  -0.2158171478  
69       NO_ID      -1.137947117   1.524623265    -0.05046550048 
70       NO_ID      -1.290135186   0.1205470916   -0.1967964911  
71       NO_ID      -1.272888913   -1.852123428   0.09931738685  
72       NO_ID      0.07048075181  -1.945136278   -0.02740141481 
73       NO_ID      1.835962834    -1.834499594   0.1171752967   
74       NO_ID      0.9702648837   -0.5916863419  -0.1164196372  
75       NO_ID      1.488175146    0.4858559454   -0.1990440178  
76       NO_ID      1.391342402    0.9643951608   -0.1545460324  
77       NO_ID      -0.8129739305  -0.4488985464  0.07616233124  
78       NO_ID      -0.5751147252  1.856952919    -0.02867227898 
79       NO_ID      -0.5113199325  -1.398609354   -0.2136290372  
80       NO_ID      -0.8213399807  0.2713957652   0.1514111477   
81       NO_ID      -0.8680473519  -0.1410600031  0.1338403689   
82       NO_ID      1.952026655    0.3009512788   -0.01259931453 
83       NO_ID      0.07920972817  -1.508978976   -0.2105267956  
84       NO_ID      1.189070914    1.942593257    0.1070146469   
85       NO_ID      -0.9047472281  1.374624374    -0.1735273511  
86       NO_ID      1.072761765    -0.7291519558  -0.197212784   
87       NO_ID      1.922537808    0.7943563703   0.03813894142  
88       NO_ID      0.06272231787  1.947241827    -0.02644453866 
89       NO_ID      0.8523456249   -0.557566314   -0.01816839181 
90       NO_ID      -1.779034607   -1.245663183   0.07531368369  
91       NO_ID      1.555459314    -0.7579855556  -0.1378696959  
92       NO_ID      -1.464217325   -1.647599111   0.08641783458  
93       NO_ID      1.147941848    0.8348306613   -0.2171058382  
94       NO_ID      -0.4276406551  1.742934841    -0.1066598999  
95       NO_ID      0.9743070798   1.386165983    -0.1539339517  
96       NO_ID      0.2460356168   0.06313016359  0.8971988489   
97       NO_ID      0.16620823     -0.02759063337 0.9539559595   
98       NO_ID      0.5500835963   0.08383792173  0.5630838612   
99       NO_ID      -1.526110947   -0.7444500495  -0.152346888   
100      NO_ID      0.3230993077   1.375450556    -0.2169062236  
101      NO_ID      -0.3815995874  0.7076919135   0.228641228    
102      NO_ID      1.219644137    0.3323200904   -0.185767773   
103      NO_ID      -1.097508069   -1.937139068   0.09334098431  
104      NO_ID      0.317136297    1.166837267    -0.1608011605  
105      NO_ID      0.4544638926   0.9602937791   -0.05836265829 
106      NO_ID      -0.4297591252  1.132024491    -0.1616790661  
107      NO_ID      -0.194441257   1.969104636    -0.01076604232 
108      NO_ID      0.2730528722   0.8729670513   0.09217199793  
109      NO_ID      0.5994028216   0.2517923042   0.4361396845   
110      NO_ID      -1.363448403   -1.47006088    0.002499312182 
111      NO_ID      -1.799767363   -0.6979264133  -0.03579257876 
112      NO_ID      -1.293935814   0.8446925553   -0.2039161774  
113      NO_ID      1.664440347    -1.046215767   -0.01729082386 
114      NO_ID      1.551929726    0.0588213373   -0.2021194439  
115      NO_ID      -1.743488927   0.6436037784   -0.07365979483 
116      NO_ID      -0.04972392973 -0.06858129054 0.9882379078   
117      NO_ID      -1.501377304   0.3851689445   -0.2028337076  
118      NO_ID      0.281669437    -1.017151153   -0.05225454098 
119      NO_ID      1.690535418    0.1515578534   -0.1526450841  
120      NO_ID      -0.1429180931  1.355120203    -0.2121827267  
121      NO_ID      -1.834909745   0.15898077     -0.08240984481 
122      NO_ID      -0.6996419178  -1.317392195   -0.213321015   
123      NO_ID      -0.4271361893  0.01791008096  0.725340977    
124      NO_ID      -0.998522101   -0.05840403214 -0.0002286300969 
125      NO_ID      0.4888205128   1.773468723    -0.08354811104 
126      NO_ID      -0.04522396252 1.741589243    -0.1323303047  
127      NO_ID      -1.147605157   0.2739411332   -0.1444513364  
128      NO_ID      1.509162104    -1.534657275   0.06812313589  
129      NO_ID      1.107898318    1.191828674    -0.1801936151  
130      NO_ID      0.7715875451   -0.2273572311  0.2281624511   
131      NO_ID      1.843151006    -0.4411748461  -0.05429591163 
132      NO_ID      1.140334757    -1.637141876   -0.002434155146 
133      NO_ID      0.7019457612   0.6409956198   0.05178017948  
134      NO_ID      0.7070495347   0.4020731002   0.2165217803   
135      NO_ID      -0.4385020295  -1.220075087   -0.1970215173  
136      NO_ID      -1.107664634   -1.335286792   -0.1357376882  
137      NO_ID      0.6368215857   0.5757044991   0.1594795985   
138      NO_ID      -1.054475489   1.513275003    -0.08102816412 
139      NO_ID      0.5634993268   -1.830333591   -0.04380200272 
140      NO_ID      1.651996695    -0.3813648401  -0.1534519491  
141      NO_ID      1.265955413    -1.180365418   -0.1376144771  
142      NO_ID      0.3024115628   -0.649541338   0.345413351    
143      NO_ID      1.376935368    -1.199559177   -0.09052754694 
144      NO_ID      -1.670640991   0.7801682884   -0.08134211884 
145      NO_ID      1.312770636    1.056790587    -0.1577725906  
146      NO_ID      0.09851498157  0.6444506664   0.4336792549   
147      NO_ID      1.690846714    -0.4192481143  -0.1323907785  
148      NO_ID      -1.669058033   -0.6649770755  -0.1056400278  
149      NO_ID      1.045746111    -0.02784826793 -0.04392977786 
150      NO_ID      1.294479936    1.755545091    0.07865764025  
151      NO_ID      0.271964483    -1.818544678   -0.0839828519  
152      NO_ID      -0.06588551402 -1.371161846   -0.2135935411  
153      NO_ID      -0.9177866951  -0.2969712019  0.03658414888  
154      NO_ID      -1.883372013   -1.453742037   0.124266369    
155      NO_ID      -0.08947276883 -1.070118297   -0.06815779638 
156      NO_ID      0.6096744817   -1.800420268   -0.05132349825 
157      NO_ID      -1.074537423   -1.255835152   -0.170821118   
158      NO_ID      -0.0285093179  0.0455424441   0.995258008    
159      NO_ID      -0.2509920541  1.826840243    -0.08125166639 
160      NO_ID      1.331483742    -0.38570402    -0.2151106262  
161      NO_ID      -0.4158102339  -1.776413523   -0.09142725591 
162      NO_ID      0.207005484    0.3711562296   0.7282934796   
163      NO_ID      -1.405700929   1.866520627    0.1186761777   
164      NO_ID      1.32545569     -1.665849527   0.0588752821   
165      NO_ID      1.550945417    -0.5941763045  -0.1676948017  
166      NO_ID      -1.36649594    1.435188795    -0.009236703794 
167      NO_ID      -1.077321694   1.456703058    -0.09792942546 
168      NO_ID      -0.5754988454  1.645341182    -0.1319011653  
169      NO_ID      0.8721487774   -0.7253465578  -0.1149590979  
170      NO_ID      -1.814171183   -0.5375543172  -0.05592128748 
171      NO_ID      1.809073013    -1.575546196   0.1260591565   
172      NO_ID      0.9284481965   1.256715938    -0.1998084046  
173      NO_ID      0.8625730406   -0.07980212662 0.1498894439   
174      NO_ID      -0.1850501513  1.998224045    0.003375436626 
175      NO_ID      1.535456882    0.2298297584   -0.2022334089  
176      NO_ID      1.174746598    0.343974893    -0.1683056537  
177      NO_ID      -1.233916858   -0.7642449364  -0.2167601013  
178      NO_ID      1.854293694    1.128111027    0.07484798038  
179      NO_ID      -0.4885837464  0.2262813812   0.5868654568   
180      NO_ID      -1.119231725   -1.059912353   -0.2047501469  
181      NO_ID      1.841383185    1.661831691    0.1280868977   
182      NO_ID      0.7278835531   0.4020293346   0.1932752505   
183      NO_ID      -1.081789439   -1.057875223   -0.2101969018  
184      NO_ID      1.456168419    1.001456173    -0.120252279   
185      NO_ID      1.907005015    1.824753091    0.1092196834   
186      NO_ID      0.6605342561   -0.2437228458  0.3623367753   
187      NO_ID      -0.007425257005 -0.3653483922  0.7943730017   
188      NO_ID      1.439696328    -0.6459559118  -0.1957000606  
189      NO_ID      -1.58802458    -1.324506196   0.03257887453  
190      NO_ID      0.09758693166  -1.262424358   -0.1865686713  
191      NO_ID      1.937534152    1.49876006     0.1283176113   
192      NO_ID      1.182378574    -1.315222621   -0.1196306266  
193      NO_ID      0.4395063017   1.031052295    -0.1052253396  
194      NO_ID      -1.995504403   1.430396053    0.128365343    
195      NO_ID      -0.5687455749  -0.9559642151  -0.09892389871 
196      NO_ID      1.782732734    0.3322658828   -0.0970907949  
197      NO_ID      -1.575324578   0.7497269632   -0.1311699539  
198      NO_ID      1.484187966    -1.085504225   -0.083973793   
199      NO_ID      -1.737190701   -0.343435484   -0.1185282613  
200      NO_ID      0.01095216163  0.7610889198   0.2851479548   
